Wavelength	I1	I1 dark	R1	R1dark	XCorrect	I1c	R1c	I1c/R1c	Abs	Percent T
nm	uA	uA	uA	uA		uA	uA	uA/uA	OD	T*100
	Abs Detector Raw	Dark Offset for Abs Detector	Ref Detector Raw	Dark Offset for Ref Detector	Linear interp	Dark subtracted Abs Detector	Corrected Ref Detector	Corrected Intensity 	-Log(T)	% Transmittance
450	3.15589196167353	0.00285828680899053	5.2544298878585	6.49919507290745E-8	1.0119651556015	3.15303367486454	5.31729989329432	0.592976461388016	0.0129755228653402	97.0564667393873
448	2.85951957027965		4.78711552286382		1.00756251811981	2.85666128347066	4.82331810526366	0.592260601753222	0.0133168917904225	96.9802073230224
446	2.59380647889347		4.36555997441806		1.00348556041718	2.59094819208448	4.38077633224522	0.591435854191757	0.0136412385720792	96.9078060459679
444	2.42619304857364		4.10184232735985		1.00001692771912	2.42333476176465	4.10191169720157	0.590781796550596	0.0140277153758292	96.8216065634089
442	2.38254893904751		4.03770057305885		0.997353196144104	2.37969065223852	4.0270135067932	0.590931877487921	0.0143490869031702	96.7499865011395
440	2.38386049665946		4.04438965343577		0.99558562040329	2.38100220985047	4.02653611756345	0.591327667337868	0.0147547491320922	96.6596572605572
438	2.4102663396529		4.08935835605556		0.994712889194489	2.40740805284391	4.06773740065532	0.591829760804145	0.0152682846994086	96.5454286944597
436	2.4463713248602		4.14674263154241		0.994661867618561	2.44351303805121	4.12460670577847	0.592423281140456	0.0157586920506323	96.43647067635
434	2.50691787572504		4.2413960686642		0.995339572429657	2.50405958891605	4.22162928479999	0.59315004231469	0.0161591158709351	96.3475962716214
432	2.59168572043841		4.3746102087569		0.996668756008148	2.58882743362942	4.36003725000684	0.593762687147995	0.0165281477444798	96.2657618630494
430	2.6981822564712		4.54251366348964		0.99854189157486	2.69532396966221	4.5358901211484	0.594221618618002	0.0168647724132905	96.1911745128482
428	2.7926339390365		4.69195807695499		1.00089848041534	2.78977565222751	4.6961736443464	0.594052917013843	0.0172596052714653	96.1037633691764
426	2.85473244790295		4.79212538612505		1.00344467163086	2.85187416109396	4.80863261927833	0.593073829275392	0.017734703998739	95.9986876375237
424	2.8673804149748		4.8180558026881		1.00566327571869	2.86452212816581	4.84534171576674	0.591190940949461	0.0182295574073091	95.8893649882744
422	2.99455729597705		5.05147686620852		1.00706160068512	2.99169900916806	5.08714831325691	0.588089598522576	0.0188489385104062	95.7527071870697
420	2.90021011210925		4.91663076160411		1.00703954696655	2.89735182530026	4.95124154931816	0.585176828163283	0.019372221995887	95.637403773825
418	2.75493702024181		4.70072850986265		1.00569581985474	2.75207873343282	4.72750294727872	0.582142150755717	0.0198927083111447	95.5228544407587
416	2.59773213805747		4.46714603195485		1.00317752361298	2.59487385124848	4.48134042875554	0.579039662909313	0.0204959814334367	95.390256934843
414	2.47466303698673		4.28810931392025		1	2.47180475017774	4.2881092489283	0.576432317062703	0.0211063279989334	95.2562920192445
412	2.38482867211132		4.16220698532177		0.996665716171265	2.38197038530233	4.14832894110351	0.574199977658641	0.0217633450387675	95.1122936655915
410	2.30544750380872		4.0497953272423		0.993634045124054	2.30258921699973	4.02401444835404	0.572211965576209	0.0224267932114993	94.9671066881274
408	2.23945761800469		3.95560971238427		0.991304457187653	2.2365993311957	3.92121347435448	0.570384485778066	0.0230999046465371	94.8200315205835
406	2.19627458432308		3.89575547759739		0.989896655082703	2.19341629751409	3.85639525195846	0.568773726292752	0.0237432825989664	94.6796660425646
404	2.17857900984952		3.87779069088532		0.989499270915985	2.17572072304052	3.83707099708633	0.567026444048768	0.0244808348427203	94.5190102197663
402	2.1989339397812		3.9230377138165		0.990296423435211	2.19607565297221	3.88497015263263	0.565274781193377	0.0252209556547676	94.3580689354607
400	2.25016125402963		4.01904063009956		0.992328882217407	2.24730296722064	3.98821003155965	0.563486614154521	0.0259834493677049	94.1925491902746
398	2.3031021555108		4.1142201853833		0.995916664600372	2.30024386870181	4.0974203797319	0.561388301791069	0.0268102264992676	94.0134030845168
396	2.33495005740177		4.16853726687199		1.00104904174805	2.33209177059278	4.1729101714331	0.558864599232883	0.0276047378529775	93.8415693713803
394	2.34789028195944		4.18617572708797		1.00751101970673	2.34503199515045	4.21761810998984	0.556008612917327	0.028406203553491	93.6685498044393
392	2.35518944534173		4.19145067661117		1.01508748531342	2.35233115853274	4.25468906116393	0.552879687496888	0.0292075525327501	93.4958743688065
390	2.36842574737218		4.20728137967291		1.02326428890228	2.36556746056318	4.30516072267887	0.549472508215958	0.0300598714666868	93.3125652023348
388	2.39228829447735		4.2415942717884		1.03213286399841	2.38943000766836	4.3778887765799	0.545795046336245	0.0310190116636431	93.1067116206481
386	2.42047137541942		4.28491039303459		1.0414787530899	2.41761308861043	4.46264306555191	0.541744668596173	0.0319484044150241	92.9076757538515
384	2.4524570360989		4.33630386939173		1.05112040042877	2.44959874928991	4.55797739126151	0.537431088180966	0.0329528324308296	92.6930489369057
382	2.48002862941321		4.38202643756841		1.06085693836212	2.47717034260422	4.64870308143354	0.53287342710654	0.0339739698683275	92.4753598857441
380	2.49697829243142		4.41105031115035		1.07036590576172	2.49412000562243	4.72143779208979	0.528254340192945	0.0350947367831512	92.2370199829259
378	2.50179565406582		4.42083292341595		1.07964384555817	2.49893736725683	4.77292498783879	0.523565187725349	0.0361981877089414	92.0029625881876
376	2.49990932920356		4.42075364444492		1.08844602108002	2.49705104239457	4.81175164373082	0.518948446902481	0.0374224682921974	91.743970518481
374	2.50068237770308		4.42662011740324		1.09648740291595	2.49782409089409	4.85373312496415	0.514619165616474	0.0385900014290523	91.4976623583492
372	2.50763477188103		4.44523226251116		1.10309183597565	2.50477648507204	4.90349934609953	0.510814075475395	0.0398888959841906	91.2244185698638
370	2.51732112112618		4.469779104861		1.10777151584625	2.51446283431719	4.95149390249354	0.507819030747653	0.0411653941488425	90.9566812604625
368	2.53278826787427		4.50565334462651		1.10863637924194	2.52992998106528	4.99513113805364	0.50647919166564	0.0424685906982715	90.6841547341689
366	2.55218352170302		4.54958597954211		1.10545682907104	2.54932523489403	5.0293708186849	0.506887506767821	0.0438152627008155	90.4033943893154
364	2.57682172310197		4.603617851071		1.09869837760925	2.57396343629298	5.05798739269815	0.508890836700942	0.0451766026924393	90.1204594791018
362	2.61008829035185		4.67271494226625		1.08933818340302	2.60723000354286	5.09016673597023	0.512209155177291	0.0464634985411116	89.8538109472169
360	2.64346338787474		4.74354745174885		1.07917475700378	2.64060510106575	5.11911659843931	0.515832185160777	0.0478802916015019	89.5611596812323
358	2.68194331936161		4.82489788273889		1.06827116012573	2.67908503255262	5.15429918925264	0.519776779380376	0.0494209614444399	89.2440022646136
356	2.71721569389515		4.90071874994894		1.05680763721466	2.71435740708616	5.17911693410314	0.524096567353561	0.0509314918937396	88.9341396613948
354	2.74882741251883		4.97184602180015		1.04510068893433	2.74596912570984	5.19607963473559	0.528469407465032	0.0526005757614323	88.5930032459667
352	2.77709516305692		5.0370286012923		1.03346526622772	2.77423687624793	5.20559403726427	0.532933774010908	0.0541993289488703	88.2674684587048
350	2.79691015483972		5.08768503663676		1.02230274677277	2.79405186803073	5.20115432122701	0.537198417018241	0.0558087967862762	87.9409601954926
348	2.80991164404558		5.12800726954856		1.01192998886108	2.80705335723659	5.18918427338653	0.540943086494918	0.0575567341450561	87.587728975712
346	2.81986576347196		5.16405686575868		1.00238728523254	2.81700747666297	5.17638487730722	0.544203636984657	0.059364313918243	87.2239371376898
344	2.82452104177367		5.19064759319149		0.99351966381073	2.82166275496468	5.1570103871768	0.547150876791115	0.0611386269815233	86.8683101015323
342	2.82141397472879		5.20601004104677		0.985283493995667	2.8185556879198	5.12939569898359	0.549490788647542	0.0631043064285599	86.4760200546293
340	2.81310727717084		5.21236783399011		0.977408707141876	2.81024899036185	5.09461364224448	0.551611797813144	0.0650512807083566	86.0892093598713
338	2.80069006530639		5.21251235384631		0.970744788646698	2.7978317784974	5.06001914016224	0.552929089989113	0.0670139994386718	85.7010219147429
336	2.77751039580266		5.19737279335993		0.965340495109558	2.77465210899367	5.01723436287166	0.553024217789494	0.0692198725495807	85.2668319852378
334	2.74523954632223		5.1666574191337		0.960905849933624	2.74238125951324	4.96467127619739	0.552379222499848	0.0713676432490877	84.846192258448
332	2.70287271543683		5.11966915109229		0.956919252872467	2.70001442862784	4.8991099168254	0.551123464153145	0.0735467040310174	84.421545009299
330	2.64777265706325		5.0546217669121		0.952399551868439	2.64491437025426	4.81401944377324	0.549419129097072	0.075965782756367	83.9526128595018
328	2.58436653752494		4.97437601039681		0.947583913803101	2.58150825071595	4.71363862707474	0.547667832635279	0.0783266365604601	83.4974790396902
326	2.5217070390774		4.89621776852162		0.942499101161957	2.51884875226841	4.61468078466997	0.545833800820213	0.0807270464968372	83.0372491550255
324	2.45548420405556		4.81408115101128		0.93723601102829	2.45262591724657	4.51193015382749	0.543586853880261	0.0833614364594764	82.5350775223909
322	2.39154807963655		4.73239805237933		0.932073950767517	2.38868979282756	4.4109448887084	0.541536984273456	0.0859347628506754	82.0474781944296
320	2.32881749232211		4.65032719007706		0.926964044570923	2.32595920551312	4.31068604044677	0.53957982179376	0.0885774382619661	81.5497364311085
318	2.26609753651804		4.56783399541971		0.922304213047028	2.26323924970905	4.21293247853269	0.537212324489308	0.0914508602766618	81.0119600226808
316	2.21199563732016		4.50026527335897		0.918256640434265	2.20913735051116	4.13239841129831	0.534589633098107	0.0944315932193131	80.457846968447
314	2.16630203073191		4.44702098971756		0.914912283420563	2.16344374392291	4.06863406865973	0.531737115556225	0.0974005008083002	79.9096998098886
312	2.11247611135063		4.37759339722154		0.912353217601776	2.10961782454164	3.99391136201175	0.528208473680051	0.100546710953805	79.3328924945294
310	2.05498214673661		4.30062904694314		0.910388767719269	2.05212385992762	3.91524431929632	0.524136859049565	0.103757440025508	78.7485489337698
308	1.99230010271625		4.21401730575276		0.909599006175995	1.98944181590725	3.83306589420454	0.519021031940833	0.107066787421011	78.1507612198923
306	1.92007057175486		4.11124391260874		0.910057485103607	1.91721228494587	3.74146823660981	0.512422440523798	0.110712216890475	77.4975161186508
304	1.8484277872104		4.00899752629854		0.911799371242523	1.84556950040141	3.65540136453222	0.504888332731031	0.114365996878328	76.8482537147196
302	1.76826804306456		3.88850330965762		0.914810836315155	1.76540975625557	3.55724490526679	0.49628569392052	0.118156069235929	76.1805196459846
300	1.68792654761736		3.76623245890921		0.918769717216492	1.68506826080837	3.46030027153095	0.486971687015716	0.122000986900586	75.5090511778758
298	1.60512586516826		3.63495633313168		0.925088822841644	1.60226757835927	3.36265741517424	0.476488497201328	0.125802970967791	74.8509004148123
296	1.51738437544725		3.49289964750139		0.934033513069153	1.51452608863826	3.26248526784907	0.464224652158129	0.129856216235133	74.1555710741948
294	1.42515488769729		3.33844918913417		0.945518314838409	1.4222966008883	3.15656479003272	0.450583686854581	0.134102614264793	73.4340339134586
292	1.33378980098554		3.18342754099059		0.958811581134796	1.33093151417655	3.05230713169021	0.436041150760459	0.138468889803954	72.6994474779266
290	1.23742016188494		3.01423540950519		0.972512900829315	1.23456187507595	2.93138275867482	0.421153420317603	0.142968121891503	71.9501788977085
288	1.1408282099597		2.83949361170082		0.985911250114441	1.13796992315071	2.79948863232763	0.406492067876179	0.147506161165317	71.2022698741055
286	1.04809607491358		2.67001907298998		0.998497068881989	1.04523778810459	2.66600615334523	0.392061281176359	0.152306737766266	70.419552715976
284	0.95969974266588		2.50481962866311		1.00980842113495	0.95684145585689	2.5293878888187	0.378289727758506	0.156972317092689	69.6670920067236
282	0.877238108066995		2.34888820350493		1.01925599575043	0.874379821258005	2.39411831852641	0.365219970329698	0.16167626951914	68.9165820830015
280	0.803912336468714		2.20745057711696		1.02668535709381	0.801054049659724	2.26635711730798	0.353454468204565	0.166163316052473	68.2082149524183
278	0.732536286949232		2.06807421211399		1.02920281887054	0.729678000140241	2.1284677418513	0.342818444363917	0.170918250396245	67.4655009714701
276	0.672473086505638		1.95069059441897		1.02617704868317	0.669614799696648	2.00175385038162	0.334514056045897	0.175203901077791	66.8030204028523
274	0.620626593385984		1.85026753004159		1.01811420917511	0.617768306576993	1.88378359694145	0.327940166577528	0.179789127414183	66.1014326976065
272	0.575005637757729		1.76348145291441		1.00556790828705	0.572147350948739	1.77330029055633	0.322645495517987	0.18461042865958	65.3716687422509
270	0.538904748823205		1.6984957972496		0.990819931030273	0.536046462014215	1.68290342429074	0.31852479130829	0.189408483420309	64.6534220383388
268	0.510468072911442		1.64982669099876		0.971708416938782	0.507609786102452	1.60315041898053	0.316632662844731	0.194019814336304	63.9705648761325
266	0.486877821947761		1.61250508633019		0.948243975639343	0.484019535138771	1.52904817217217	0.316549565898353	0.198709498756587	63.283501559968
264	0.466091808847224		1.57904953755436		0.92191618680954	0.463233522038234	1.45575126852835	0.318209251850095	0.203129577985354	62.6426933329971
262	0.445302065684853		1.54339901971179		0.894447326660156	0.442443778875863	1.38048906901924	0.320497850222164	0.207531708964107	62.0109366211182
260	0.424030269708653		1.5031037871254		0.868269026279449	0.421171982899663	1.30509840521383	0.32271281706965	0.211725416013341	61.4150180730093
258	0.400627378973716		1.45345108550089		0.843208372592926	0.397769092164726	1.22556206964687	0.324560544109641	0.215840801080442	60.8357965617296
256	0.374065436839455		1.39222959119799		0.81903064250946	0.371207150030465	1.14027864336918	0.325540737072529	0.220110953916656	60.2405663311465
254	0.347871736382597		1.32851887734124		0.795488953590393	0.345013449573606	1.05682203986089	0.326463147588237	0.224199567749275	59.6760998924741
252	0.321640060360298		1.26163883407007		0.772492587566376	0.318781773551307	0.974606597299212	0.327087641756891	0.228321892828951	59.1123339642139
250	0.294848198284735		1.19051991426961		0.750053346157074	0.291989911475745	0.892953396617124	0.326993449581941	0.232613898399509	58.531021229054
248	0.268007924242407		1.1166757051734		0.728767693042755	0.265149637433416	0.813797130172077	0.325817857550506	0.237165805796821	57.9207523228398
246	0.24161096186416		1.04040267284471		0.708648979663849	0.23875267505517	0.737280246494465	0.323828932336602	0.241915022780195	57.2908119392618
244	0.2151642583769		0.960380466947014		0.689503788948059	0.212305971567909	0.662185925979476	0.320613838558824	0.247114625475919	56.60898584421
242	0.190196126457624		0.881105996642034		0.670726358890533	0.187337839648634	0.590980973332512	0.316994705586282	0.25260047679731	55.8984188053567
240	0.165633493397406		0.798249710758919		0.651743054389954	0.162775206588415	0.520253662297863	0.312876618435453	0.258554536917201	55.1372958882729
