Wavelength	I1	I1 dark	R1	R1dark	XCorrect	I1c	R1c	I1c/R1c	Abs	Percent T
nm	uA	uA	uA	uA		uA	uA	uA/uA	OD	T*100
	Abs Detector Raw	Dark Offset for Abs Detector	Ref Detector Raw	Dark Offset for Ref Detector	Linear interp	Dark subtracted Abs Detector	Corrected Ref Detector	Corrected Intensity 	-Log(T)	% Transmittance
450	3.25061444339139	0.00286053339292015	5.25860045262048	6.70270917121534E-8	1.0119651556015	3.24775390999847	5.32152035745313	0.61030564422248	4.65590538036893E-4	99.8928512620662
448	2.94745685508452		4.79119871620688		1.00756251811981	2.9445963216916	4.82743217577983	0.609971557231859	5.20150859971725E-4	99.880302533007
446	2.68002671129635		4.37684515015422		1.00348556041718	2.67716617790343	4.39210084110098	0.609541145515305	5.45860601646079E-4	99.8743899071812
444	2.50597063126268		4.10776620754451		1.00001692771912	2.50311009786976	4.10783567562884	0.609350104416378	5.87930646989337E-4	99.8647155576703
442	2.46554107738777		4.04874133310588		0.997353196144104	2.46268054399485	4.03802504208421	0.609872528854785	6.47433882290012E-4	99.8510339041954
440	2.46630398591336		4.05102962736757		0.99558562040329	2.46344345252044	4.03314677810364	0.610799355454834	6.84378500397161E-4	99.8425401250503
438	2.49794795225828		4.09874518381753		0.994712889194489	2.49508741886536	4.07707459719442	0.611979829994357	7.27976405993873E-4	99.8325176464393
436	2.53824353315195		4.15680811164542		0.994661867618561	2.53538299975903	4.13461845299193	0.613208456495993	7.82673812551062E-4	99.8199449885315
434	2.60130691017861		4.24873205659061		0.995339572429657	2.59844637678569	4.22893108186036	0.614445193474895	8.40530304827842E-4	99.8066479114392
432	2.69218981020608		4.3838486917929		0.996668756008148	2.68932927681316	4.36924495537337	0.615513505029234	9.03463947577026E-4	99.7921859712049
430	2.8028360353499		4.54920895968684		0.99854189157486	2.79997550195698	4.54257565284564	0.616385001800238	9.61157716041915E-4	99.7789299776122
428	2.9038490948421		4.70066216546187		1.00089848041534	2.90098856144918	4.70488555126938	0.616590675763941	0.00108778510430834	99.7498416422683
426	2.96900349725103		4.79813590530676		1.00344467163086	2.96614296385811	4.8146638406828	0.61606439452634	0.00121735478165686	99.7200861939772
424	2.98461739530062		4.82377191757412		1.00566327571869	2.9817568619077	4.85109020054072	0.614657064421383	0.00132445052923969	99.6954985444572
422	3.12065469781694		5.05800525810952		1.00706160068512	3.11779416442402	5.09372280400512	0.612085557928779	0.00148030415674881	99.6597276146837
420	3.02493390718379		4.92247353013545		1.00703954696655	3.02207337379087	4.95712544624352	0.609642303097449	0.00158424750917418	99.6358780677258
418	2.87881304350985		4.71066087798702		1.00569581985474	2.87595251011693	4.73749188633593	0.607062255539028	0.00168852319678989	99.6119580021044
416	2.71685438367524		4.47573828615229		1.00317752361298	2.71399385028232	4.48995998300197	0.604458360554864	0.00183790547550518	99.5777008262953
414	2.58983837344058		4.29432167229386		1	2.58697784004766	4.29432160526677	0.602418281126141	0.0019565064854983	99.55051097255
412	2.49772629535812		4.16603360151741		0.996665716171265	2.4948657619652	4.1521427962463	0.600862225697212	0.0020516141469368	99.5287124463268
410	2.41839372894335		4.05463973640263		0.993634045124054	2.41553319555043	4.02882801620207	0.59956225131385	0.00214944666929624	99.5062943665637
408	2.35266741735702		3.96108531620353		0.991304457187653	2.3498068839641	3.92664146280887	0.59842664684827	0.00225668539186013	99.481726680393
406	2.31095733288827		3.90268803290823		0.989896655082703	2.30809679949535	3.86325776325726	0.597448304238779	0.00238247636598803	99.4529165257347
404	2.29414157286431		3.88234958246867		0.989499270915985	2.29128103947139	3.84158201497047	0.596442046673057	0.00251589631410744	99.422368209939
402	2.31980903044404		3.92940240291867		0.990296423435211	2.31694849705112	3.8912730794714	0.595421716680409	0.00265589568841825	99.39032353361
400	2.37532329617274		4.02214360860279		0.992328882217407	2.37246276277982	3.99128920472977	0.594410136947329	0.00278084585285844	99.3617322172194
398	2.43761691246028		4.12165614726765		0.995916664600372	2.43475637906736	4.10482597606303	0.593144847860898	0.00291282265233831	99.3315419853626
396	2.47468621895279		4.17528088826432		1.00104904174805	2.47182568555987	4.17966086512852	0.591393839194621	0.00303454237299504	99.3037062336146
394	2.49131213034469		4.19172219679237		1.00751101970673	2.48845159695177	4.22320623728707	0.589232790712659	0.00320081541470209	99.2656943094586
392	2.50153499814238		4.19495842399298		1.01508748531342	2.49867446474946	4.258249729567	0.586784388759542	0.00335963598096306	99.2293996934874
390	2.52087103484897		4.21295956812678		1.02326428890228	2.51801050145605	4.31097100806689	0.584093582801701	0.00352340484405472	99.1919881604482
388	2.55103129677273		4.24784228120354		1.03213286399841	2.54817076337981	4.3843375503313	0.581198581114553	0.00372405595631777	99.1461704341397
386	2.58496842717098		4.29007875889936		1.0414787530899	2.58210789377806	4.4680258066687	0.577908008034368	0.00388433796113761	99.1095860068987
384	2.62327652272103		4.34030190811274		1.05112040042877	2.62041598932811	4.56217980918368	0.574378060253829	0.00407777477374266	99.0654519588672
382	2.66074247146455		4.39096275100927		1.06085693836212	2.65788193807163	4.65818322939165	0.570583381370926	0.00427891522636543	99.0195811106784
380	2.68453068100492		4.42000125838021		1.07036590576172	2.681670147612	4.73101857865056	0.566827228223842	0.00448710679971484	98.9721245971264
378	2.69555260967181		4.43043163919791		1.07964384555817	2.69269207627889	4.78328818006082	0.562937455347852	0.0047088043150951	98.9216144581155
376	2.69973148986345		4.43042564635939		1.08844602108002	2.69687095647053	4.82227909351537	0.559252358515929	0.0049388605267651	98.869227181092
374	2.70754543677233		4.43791658871227		1.09648740291595	2.70468490337941	4.86611956122039	0.55581965657685	0.00514205619393714	98.8229795302716
372	2.71973393932779		4.45355632823311		1.10309183597565	2.71687340593487	4.91268155279459	0.553032672021938	0.00540096244057685	98.764083406252
370	2.73509856817265		4.47583089845661		1.10777151584625	2.73223803477973	4.95819790480407	0.551054654783429	0.0056796911265807	98.7007172977284
368	2.76014783727828		4.51488540025368		1.10863637924194	2.75728730388536	5.00536612852088	0.55086625695055	0.00598402739675947	98.6315759959485
366	2.78663778183389		4.55650291799103		1.10545682907104	2.78377724844097	5.03701719327977	0.55266383687453	0.00626580222868722	98.5676035463342
364	2.82139177095284		4.61166447701541		1.09869837760925	2.81853123755992	5.06682820533249	0.556271324651111	0.00651456057075132	98.5111614459415
362	2.86225837886246		4.67723174563362		1.08933818340302	2.85939784546954	5.09508706012827	0.561206866874921	0.00678785890515464	98.4491885956332
360	2.9082346889001		4.75121544488227		1.07917475700378	2.90537415550718	5.1273917008695	0.566637839471965	0.00708315501820873	98.3822713709878
358	2.95960726193701		4.83392352886168		1.06827116012573	2.95674672854409	5.16394102453303	0.572575618988884	0.00740498401970339	98.3093933103772
356	3.00543965107679		4.90752959302069		1.05680763721466	3.00257911768387	5.18631468292648	0.578942717758424	0.00770721161098497	98.2410031362425
354	3.04992127687562		4.97871495894718		1.04510068893433	3.0470607434827	5.20325836355328	0.585606274104343	0.00801470623832623	98.1714699275518
352	3.08958120510256		5.04273087177732		1.03346526622772	3.08672067170964	5.21148713364594	0.592291718765154	0.00833691241538874	98.0986628244455
350	3.11892145400876		5.09060707113029		1.02230274677277	3.11606092061584	5.20414152303538	0.598765599825263	0.00868667965537818	98.0196890246527
348	3.14635176965436		5.13558934308597		1.01192998886108	3.14349123626144	5.19685679891736	0.60488317417488	0.00903680476720959	97.9406980961491
346	3.16691070674669		5.16966579314512		1.00238728523254	3.16405017335377	5.18200719276318	0.610583902271008	0.00938040365492966	97.8632414220216
344	3.1775693004541		5.18830996787531		0.99351966381073	3.17470876706118	5.1546879084366	0.61588767806198	0.00974421114583119	97.7812959368166
342	3.19045012071513		5.21182946485164		0.985283493995667	3.18758958732221	5.1351294791979	0.620741813859795	0.0101537220516419	97.6891381131376
340	3.19213020208863		5.21752903025855		0.977408707141876	3.18926966869571	5.09965823842736	0.625388902468731	0.0105346565385503	97.6034892100124
338	3.1907608287217		5.21976814157773		0.970744788646698	3.18790029532878	5.06706265631444	0.629141676658784	0.0109349831153871	97.5135611329008
336	3.17505404167509		5.20082366248676		0.965340495109558	3.17219350828217	5.02056562461851	0.631839865358439	0.0113569988539137	97.4188505820565
334	3.15414644084717		5.17554245490549		0.960905849933624	3.15128590745425	4.97320895709179	0.633652423343387	0.0117538775415589	97.3298653282335
332	3.11607944392897		5.12564596910226		0.956919252872467	3.11321891053605	4.90482924710259	0.634725237861258	0.0122098385769139	97.2277333881619
330	3.06547014074578		5.0593959758774		0.952399551868439	3.06260960735286	4.81856639631405	0.635585225036142	0.0126957659715436	97.1190071673881
328	3.0041583587642		4.97753523076179		0.947583913803101	3.00129782537128	4.71663225154428	0.636322203069493	0.0131667926216583	97.01373103771
326	2.94319489383853		4.89751772457111		0.942499101161957	2.94033436044561	4.61590599016005	0.637000486299692	0.013647708513545	96.9063623638846
324	2.88023953601717		4.81576744494985		0.93723601102829	2.87737900262425	4.51351060732449	0.637503542797676	0.0141477790400834	96.7948432711641
322	2.82123137056285		4.73848661843573		0.932073950767517	2.81837083716993	4.4166198806302	0.638128458718024	0.014654771615123	96.6819115266075
320	2.7618469404616		4.65827841888644		0.926964044570923	2.75898640706868	4.31805654177671	0.638941704532073	0.0151719026186169	96.5668572005082
318	2.7002126894058		4.57301954227399		0.922304213047028	2.69735215601288	4.21771512836632	0.639529241287962	0.0157364212029323	96.4414161157
316	2.64968184162594		4.50446163401929		0.918256640434265	2.64682130823302	4.13625174547152	0.639908175591785	0.016334466933757	96.3087027469038
314	2.60552294694561		4.44476253106773		0.914912283420563	2.60266241355269	4.06656777523743	0.640014517746661	0.0169076507857684	96.1816779210674
312	2.56062807407813		4.38396893105023		0.912353217601776	2.55776754068521	3.99972809895752	0.639485354354928	0.0175214723505283	96.0458330314393
310	2.5045314418153		4.30470620187476		0.910388767719269	2.50167090842238	3.91895611349755	0.638351345606092	0.0181423636504384	95.9086187289978
308	2.44046230632912		4.21351113225218		0.909599006175995	2.4376017729362	3.8326054774403	0.636016878670281	0.0187831031043509	95.7672235957648
306	2.37005136097245		4.11422058251872		0.910057485103607	2.36719082757953	3.74417717548998	0.632232588531218	0.0194634795845349	95.6173097539409
304	2.29546131569758		4.00877883326556		0.911799371242523	2.29260078230466	3.65520195850662	0.627215898965357	0.0201442732288508	95.467538885026
302	2.21484401621502		3.89391673411516		0.914810836315155	2.2119834828221	3.56219716276035	0.620960430249749	0.0208238992022962	95.3182588889937
300	2.12826653446462		3.76935702758162		0.918769717216492	2.1254060010717	3.4631710287367	0.613716730544204	0.0215367358104054	95.1619349769002
298	2.0368838134756		3.63566400565489		0.925088822841644	2.03402328008268	3.36331207323301	0.604767929883906	0.0222666388763622	95.0021340697463
296	1.93816616250287		3.49029901762897		0.934033513069153	1.93530562910995	3.26005619049225	0.59364180125304	0.0230599415470997	94.8287571131351
294	1.83762820717543		3.34118211718315		0.945518314838409	1.83476767378251	3.1591488216319	0.58077912038178	0.0238670839031223	94.6526802158921
292	1.73347870645227		3.18543213408154		0.958811581134796	1.73061817305935	3.05422915680995	0.566630100168032	0.0246967258120367	94.4720358038135
290	1.6207389193051		3.01436297298124		0.972512900829315	1.61787838591218	2.93150681382175	0.551893100941825	0.0255534888658215	94.2858479345365
288	1.50716832405578		2.84019805668498		0.985911250114441	1.50430779066286	2.80018315055613	0.537217642483169	0.0264079698606216	94.1005214715995
286	1.39702062023158		2.67040593985042		0.998497068881989	1.39416008683866	2.66639243673934	0.522863801902898	0.0272721160660553	93.9134692181304
284	1.290878312713		2.50630975072747		1.00980842113495	1.28801777932008	2.53089262457271	0.508918381923664	0.0281487278314062	93.7240985830379
282	1.19030236422165		2.35018112016643		1.01925599575043	1.18744183082873	2.39543612951132	0.495710078093784	0.0290030379024369	93.5399130980746
280	1.09934191048355		2.20758755628308		1.02668535709381	1.09648137709063	2.26649774972262	0.48377783619014	0.0298508245269651	93.357491865049
278	1.01048004153524		2.06910096178436		1.02920281887054	1.00761950814232	2.12952447341175	0.473166437260048	0.0309684986639077	93.1175415367901
276	0.934907547940726		1.95080430861122		1.02617704868317	0.932047014547806	2.0018705391874	0.465588056921074	0.0316164408783387	92.9787191410437
274	0.870010808291186		1.85015633212537		1.01811420917511	0.867150274898266	1.88367038269091	0.460351387836498	0.032494283575202	92.7909703709019
272	0.813477258305495		1.76390275011325		1.00556790828705	0.810616724912575	1.77372393145286	0.457014031630388	0.0334065005716059	92.5962714537162
270	0.769560432716004		1.69980976778472		0.990819931030273	0.766699899323084	1.68420533046926	0.455229469621416	0.0343213545845248	92.4014200051266
268	0.734628527744908		1.64984541739843		0.971708416938782	0.731767994351988	1.60316861360314	0.456451048344397	0.0351813187753065	92.2186332217174
266	0.706424347763205		1.61184822516745		0.948243975639343	0.703563814370285	1.52842530560196	0.460319396565598	0.0360919458144478	92.0254721183118
264	0.681644364952065		1.5782680214442		0.92191618680954	0.678783831559145	1.45503077429992	0.466508230305809	0.0369830703476413	91.8368395590609
262	0.657075330219509		1.54411113111845		0.894447326660156	0.654214796826588	1.38112601334288	0.473682191564204	0.0378697723368573	91.6495269446548
260	0.629909752528578		1.50262035084804		0.868269026279449	0.627049219135657	1.30467865070096	0.480615835017123	0.0387435549235575	91.4653172494866
258	0.599547231491046		1.45316364572339		0.843208372592926	0.596686698098126	1.22531969630382	0.486964095899244	0.0396395821998114	91.2768024599605
256	0.563759324733006		1.39143474012695		0.81903064250946	0.560898791340086	1.13962763431892	0.492177246715589	0.0405947639132787	91.0762700363545
254	0.527987292812142		1.32771309853587		0.795488953590393	0.525126759419222	1.05618105010324	0.497193884862723	0.041507952817135	90.8849656023601
252	0.491446910471171		1.26050353011953		0.772492587566376	0.488586377078251	0.973729581840653	0.501768033127504	0.0424830388366069	90.6811378977294
250	0.454155287491926		1.19026890230772		0.750053346157074	0.451294754099005	0.89276512272872	0.505502222935895	0.0434298815141123	90.4836515221401
248	0.41543832638361		1.11502429201268		0.728767693042755	0.41257779299069	0.812593632129534	0.507729542390657	0.0445082557105516	90.2592549496443
246	0.377664801652547		1.03925776196061		0.708648979663849	0.374804268259627	0.736468905122443	0.508920696654957	0.0455805577499482	90.0366737267029
244	0.339548929612468		0.960172308581961		0.689503788948059	0.336688396219548	0.662042398594833	0.508560172179545	0.0467545437625249	89.7936150144027
242	0.302622223115325		0.880173730613859		0.670726358890533	0.299761689722405	0.590355676568894	0.5077645589259	0.0479901009290957	89.5385174236975
240	0.265787091426574		0.796425875723889		0.651743054389954	0.262926558033654	0.51906498915504	0.506538802514227	0.0493149267044498	89.265794205968
