Wavelength	I1	I1 dark	R1	R1dark	XCorrect	I1c	R1c	I1c/R1c	Abs	Percent T
nm	uA	uA	uA	uA		uA	uA	uA/uA	OD	T*100
	Abs Detector Raw	Dark Offset for Abs Detector	Ref Detector Raw	Dark Offset for Ref Detector	Linear interp	Dark subtracted Abs Detector	Corrected Ref Detector	Corrected Intensity 	-Log(T)	% Transmittance
450	3.2578343473339	0.00286324385738686	5.29941916013967	6.15439412518853E-8	1.0119651556015	3.25497110347651	5.36282747270799	0.606950553610276	0.00235845691241095	99.4584171039621
448	2.95679598590658		4.8332954071194		1.00756251811981	2.95393274204919	4.86984722920477	0.60657605937498	0.00246280459338982	99.4345231589035
446	2.68679467513649		4.41224274278621		1.00348556041718	2.68393143127911	4.42762181968298	0.606179014510159	0.00254072862630529	99.4166835493978
444	2.51798327118864		4.14945321909669		1.00001692771912	2.51512002733125	4.14952339833028	0.60612262804526	0.00252293442209713	99.4207569997504
442	2.47706164537559		4.08879129062814		0.997353196144104	2.4741984015182	4.07796900069311	0.606723199979617	0.0025597559511068	99.412327997647
440	2.48359115869585		4.10048484526892		0.99558562040329	2.48072791483846	4.08238368735908	0.607666526426688	0.0026570027731293	99.3900701724186
438	2.51585920381431		4.14942325978691		0.994712889194489	2.51299595995692	4.1274847380149	0.608844397851254	0.00271212350648172	99.3774563674184
436	2.55770803177209		4.20993217556075		0.994661867618561	2.5548447879147	4.18745893907532	0.610118170729781	0.00276421292393833	99.3655377186622
434	2.6204727222765		4.30136370839854		0.995339572429657	2.61760947841912	4.28131745312472	0.611402799974259	0.00284625420634799	99.3467686425223
432	2.70677103410615		4.42979671081503		0.996668756008148	2.70390779024876	4.41503991579808	0.612431108623396	0.00294980564876942	99.3230836194249
430	2.81856497734434		4.59801547153609		0.99854189157486	2.81570173348695	4.59131100498391	0.613267480776293	0.00304333043018318	99.3016968186755
428	2.91500929336522		4.74310918189382		1.00089848041534	2.91214604950783	4.74737071100236	0.613422929614225	0.00318362708318166	99.2696230847432
426	2.97367723095631		4.83124675315623		1.00344467163086	2.97081398709893	4.84788875003257	0.612805726426575	0.00334361865007226	99.2330594669934
424	2.98575788520492		4.85258568047982		1.00566327571869	2.98289464134753	4.88006714924445	0.611240491190649	0.00349730210525354	99.197950152777
422	3.11982467015098		5.08640385988407		1.00706160068512	3.1169614262936	5.12232195088728	0.608505567627135	0.00366096274033057	99.1605751880943
420	3.02174222913665		4.94693281389189		1.00703954696655	3.01887898527926	4.98175691779848	0.605986810495234	0.00377843739948597	99.1337563360976
418	2.87300718415805		4.73010826397702		1.00569581985474	2.87014394030066	4.75705004664755	0.603345332118872	0.00393704486938493	99.0975585851762
416	2.71633726941949		4.50216934073418		1.00317752361298	2.7134740255621	4.51647502838448	0.600794648151238	0.00403968506149851	99.0741408558992
414	2.58798754825266		4.31726553613447		1	2.58512430439528	4.31726547459053	0.598787431444776	0.00415187161114175	99.0485514205563
412	2.49892501280125		4.19336634229361		0.996665716171265	2.49606176894386	4.1793844073718	0.597231918782389	0.00430245096038331	99.0142150849207
410	2.42074990731935		4.08339101558462		0.993634045124054	2.41788666346196	4.05739627148641	0.595920758456305	0.00445512821510541	98.9794125206889
408	2.35847592644839		3.99449378449452		0.991304457187653	2.355612682591	3.95975943176901	0.594887826692704	0.00457431110292781	98.9522534519267
406	2.314683514514		3.93142257706425		0.989896655082703	2.31182027065661	3.89170199783038	0.594038359552056	0.00464620186939539	98.9358747851762
404	2.30363470108159		3.92014670634107		0.989499270915985	2.3007714572242	3.87898224691051	0.593137918859179	0.00475757658330087	98.9105059572843
402	2.32796469284635		3.96497200401352		0.990296423435211	2.32510144898896	3.92649753364859	0.592156604980324	0.00493466584546073	98.8701821250735
400	2.38402225609892		4.05935528000358		0.992328882217407	2.38115901224153	4.02821542645745	0.591120076796787	0.00512316119052676	98.8272791500766
398	2.44753070473838		4.16151744268129		0.995916664600372	2.44466746088099	4.14452450989879	0.589854748124217	0.00527892311291489	98.7918405998008
396	2.48517751285618		4.21638001733186		1.00104904174805	2.48231426899879	4.22080311438717	0.588114205217839	0.0054218015911977	98.7593444323131
394	2.49922278786516		4.22859659605909		1.00751101970673	2.49635954400777	4.26035760641769	0.585950705228905	0.00560309168869485	98.718127342201
392	2.50854809218988		4.23080360451381		1.01508748531342	2.50568484833249	4.29463572928838	0.583445257357761	0.00582647199414263	98.6673645161377
390	2.52468585742487		4.24416565686928		1.02326428890228	2.52182261356749	4.34290308988411	0.580676695144671	0.0060389059671815	98.6191134431325
388	2.55394192013349		4.27796223388267		1.03213286399841	2.55107867627611	4.41542534901284	0.577765101803035	0.00626548740845456	98.5676749980529
386	2.5898287591828		4.32423865947901		1.0414787530899	2.58696551532542	4.50360262304065	0.574421353715884	0.00647950208851667	98.5191140940856
384	2.62762647224792		4.37443120322376		1.05112040042877	2.62476322839053	4.59805381329058	0.57084221607057	0.00673020304654637	98.462259333412
382	2.66212023838613		4.42090803572034		1.06085693836212	2.65925699452874	4.68995089826546	0.567011692065315	0.00697500175007074	98.4067747658619
380	2.6857383030704		4.45051804699525		1.07036590576172	2.68287505921302	4.76368271460641	0.563193482846114	0.00728135048866582	98.3373836904725
378	2.69472990134177		4.45818384774587		1.07964384555817	2.69186665748438	4.81325068714012	0.559261678324052	0.007557339107825	98.2749113862379
376	2.70026587299933		4.46071007983213		1.08844602108002	2.69740262914195	4.85524207059755	0.5555650140447	0.00784480337598355	98.2098836710506
374	2.70645997128187		4.46589743983745		1.09648740291595	2.70359672742449	4.89680021801421	0.552114974484474	0.00810753301253823	98.1504888480883
372	2.72029291067972		4.48440501463328		1.10309183597565	2.71742966682234	4.94671049296161	0.549340752948614	0.008400017358058	98.0844096828131
370	2.73618201706155		4.50737279123422		1.10777151584625	2.73331877320416	4.99313912125306	0.547414904097088	0.00868351683641897	98.0204028712997
368	2.75947402054921		4.54353837702721		1.10863637924194	2.75661077669182	5.03713186702441	0.547258012985123	0.00900910498225401	97.9469450619928
366	2.78611949082034		4.58598163206595		1.10545682907104	2.78325624696295	5.06960464512751	0.549008540466365	0.00934552154448523	97.8711020180762
364	2.81569467624904		4.63375894958337		1.09869837760925	2.81283143239165	5.09110337252138	0.552499375199014	0.00969255655979558	97.7929266458353
362	2.85355490558994		4.69572635818993		1.08933818340302	2.85069166173256	5.11523395374611	0.557294483010865	0.0100553937768173	97.7112583387008
360	2.90043265768128		4.77207780808016		1.07917475700378	2.89756941382389	5.14990584252138	0.562645124479644	0.0103838792480719	97.6373808322948
358	2.94848065065335		4.84952181981497		1.06827116012573	2.94561740679596	5.18060423476318	0.568585684857013	0.0106647500881241	97.5742563201393
356	2.99167009546775		4.91962491686559		1.05680763721466	2.98880685161036	5.19909711933498	0.574870363643575	0.010978861135957	97.5037095550383
354	3.03914565517388		4.99719980587853		1.04510068893433	3.03628241131649	5.22257689554652	0.581376296039919	0.0113543025140852	97.4194554139234
352	3.07482063224487		5.05568795505888		1.03346526622772	3.07195738838749	5.22487783483569	0.58794817515271	0.0117134061800333	97.3389357997118
350	3.10606425679451		5.10725183831639		1.02230274677277	3.10320101293712	5.22115751985456	0.594351157025342	0.0120793040632553	97.2569612115518
348	3.12961154511188		5.14691566140009		1.01192998886108	3.12674830125449	5.20831824563137	0.600337412921559	0.0124944616175767	97.1640342435627
346	3.14931641970762		5.18080396204592		1.00238728523254	3.14645317585023	5.19317195714636	0.60588272481915	0.0129150107011212	97.0699909868273
344	3.15971004434057		5.20000276242494		0.99351966381073	3.15684680048318	5.16630493519418	0.611045387386629	0.013341549981014	96.9747011776557
342	3.16659493363597		5.21420037955571		0.985283493995667	3.16373168977859	5.13746550772395	0.615815655603343	0.0137907953684207	96.8744399167454
340	3.17128434930734		5.22549530464078		0.977408707141876	3.16842110544995	5.10744454973131	0.620353500581154	0.014222666329457	96.7781539536316
338	3.16312630897535		5.21710900421857		0.970744788646698	3.16026306511797	5.06448131790348	0.624005276502078	0.0146669417634311	96.6792022664974
336	3.14765028527417		5.19939748573465		0.965340495109558	3.14478704141679	5.01918888373962	0.626552838368919	0.0151744241844238	96.5662965233906
334	3.12041329970592		5.16404798717798		0.960905849933624	3.11755005584854	4.96216386107935	0.628264229704503	0.0156397356162922	96.4628889487668
332	3.08245554757895		5.11442888906896		0.956919252872467	3.07959230372156	4.89409541250465	0.629246478491829	0.0161569112124953	96.3480853731166
330	3.02730858328108		5.0407622031654		0.952399551868439	3.02444533942369	4.80081960475567	0.629985208448093	0.0167227721720839	96.2226310563889
328	2.96579164342272		4.95847705375461		0.947583913803101	2.96292839956533	4.69857303478161	0.630601754539514	0.017294260477235	96.0960949253991
326	2.90596567198208		4.88059993980798		0.942499101161957	2.9031024281247	4.59996099839501	0.631114574479572	0.0178782720776005	95.9669578552812
324	2.84258716963117		4.79770843135014		0.93723601102829	2.83972392577378	4.4965850545942	0.631529013973039	0.0184674499875758	95.8368542544744
322	2.77965620796856		4.71266665922901		0.932073950767517	2.77679296411118	4.39255377435443	0.63215912809611	0.0189988994036497	95.7196497035166
320	2.7220890646439		4.63496425556814		0.926964044570923	2.71922582078652	4.29644515573408	0.632901322424053	0.0195918299300584	95.5890554197502
318	2.66179367425983		4.55219207328169		0.922304213047028	2.65893043040244	4.19850587102475	0.633303968621929	0.0202971462077032	95.4339399347178
316	2.60946126235957		4.48110199869596		0.918256640434265	2.60659801850218	4.11480161025269	0.633468697982284	0.0210688211908749	95.2645189571654
314	2.56640309521391		4.42360079287104		0.914912283420563	2.56353985135652	4.04720664603935	0.633409676243055	0.0217615827654273	95.1126796115487
312	2.52021409311983		4.3596644584911		0.912353217601776	2.51735084926244	3.97755384021865	0.632889195316099	0.0223674164795769	94.9800914764648
310	2.46187356600919		4.276123319502		0.910388767719269	2.45901032215181	3.89293458342814	0.631659810729825	0.02306376322491	94.8279226485554
308	2.39912286313493		4.18774741327961		0.909599006175995	2.39625961927755	3.80917082925492	0.629076438597599	0.0238767805050397	94.6505669053327
306	2.32458723843276		4.08132236813195		0.910057485103607	2.32172399457537	3.71423791423073	0.625087581406652	0.0247229348253463	94.4663347317611
304	2.25048563228354		3.9758148571603		0.911799371242523	2.24762238842616	3.62514543081972	0.620008888282842	0.0254703788152846	94.3038929518014
302	2.16920757759529		3.85883334721107		0.914810836315155	2.16634433373791	3.5301025052619	0.613677458518215	0.0262504251805969	94.1346635720724
300	2.08155688458616		3.73162971490685		0.918769717216492	2.07869364072877	3.42850832137692	0.606296804872257	0.0271167806109553	93.9470655480035
298	1.9918092791505		3.59973439479586		0.925088822841644	1.98894603529311	3.33007399689067	0.597267819619088	0.0279600724494331	93.7648207135315
296	1.89428174698812		3.45510017499618		0.934033513069153	1.89141850313073	3.22717929697343	0.586090306449528	0.0288930997604637	93.5635949692252
294	1.79417344660688		3.30535269024298		0.945518314838409	1.79131020274949	3.12527144743423	0.573169477556938	0.0298526228624315	93.3571052892391
292	1.68849046118932		3.14526465377329		0.958811581134796	1.68562721733194	3.01571611676271	0.558947577314211	0.0308528407386004	93.1423431778475
290	1.57766838318163		2.97571670034921		0.972512900829315	1.57480513932424	2.89392282045057	0.544176620121144	0.0318952597667608	92.9190455687373
288	1.46494907861901		2.80102638040921		0.985911250114441	1.46208583476162	2.76156335963591	0.529441350552386	0.0329775518665498	92.6877731280888
286	1.35554425890643		2.63033931891677		0.998497068881989	1.35268101504904	2.62638603865199	0.515035107231728	0.0340192365216102	92.4657216516001
284	1.25085365873881		2.46653305329526		1.00980842113495	1.24799041488143	2.49072578607766	0.501054922166576	0.0350846773183154	92.2391564728968
282	1.15205569770781		2.31114754935886		1.01925599575043	1.14919245385042	2.35565093401889	0.487844967713373	0.0361002891434644	92.0237042132413
280	1.06286723452252		2.17040057075459		1.02668535709381	1.06000399066514	2.22831842183553	0.475696821548503	0.0372924620721506	91.7714382223395
278	0.975959959479163		2.03157649090566		1.02920281887054	0.973096715621776	2.09090418785003	0.465395172708683	0.0381036997187023	91.6001743468245
276	0.901940390683133		1.91360896696297		1.02617704868317	0.899077146825747	1.96370153889672	0.457848165322964	0.0390879841276117	91.3928069166541
274	0.839492839256229		1.81553194587049		1.01811420917511	0.836629595398842	1.84841880864332	0.452619066353745	0.0400754523340893	91.1852404533227
272	0.785067035437246		1.73118723917627		1.00556790828705	0.782203791579859	1.7408262690651	0.449329037296719	0.0411243558535188	90.9652765423918
270	0.742476206750008		1.66770005681276		0.990819931030273	0.739612962892621	1.65239039429144	0.447601829112408	0.0421486896204644	90.7509772406306
268	0.708653302425522		1.61864546390982		0.971708416938782	0.705790058568136	1.57285136151818	0.448732840137467	0.0431527966224085	90.541399556092
266	0.681199769006576		1.58101486672945		0.948243975639343	0.678336525149189	1.49918776441377	0.452469357908907	0.0441868997027332	90.3260669607221
264	0.656301086651639		1.54576124707865		0.92191618680954	0.653437842794252	1.42506225788635	0.458532838953597	0.0451764341118778	90.1204944612654
262	0.631778034178013		1.51039844611318		0.894447326660156	0.628914790320627	1.35097179726978	0.465527697611172	0.0461510267524455	89.918483387555
260	0.604903173038655		1.46828458804578		0.868269026279449	0.602039929181268	1.27486597612694	0.472237819861092	0.0470965402949601	89.7229325211205
258	0.574360120589085		1.41671536583974		0.843208372592926	0.571496876731698	1.19458620616275	0.478405722235368	0.0480066293956768	89.5351098136698
256	0.539547480754231		1.35541821846097		0.81903064250946	0.536684236896844	1.11012900392874	0.483443126877616	0.048998221542981	89.3309141870174
254	0.503943510763034		1.29009630628709		0.795488953590393	0.501080266905647	1.02625731176162	0.488259875143319	0.0500285270005158	89.1192397484422
252	0.468451615966701		1.2234854264263		0.772492587566376	0.465588372109315	0.945133375367563	0.492616581155276	0.0510425214912395	88.9114061014735
250	0.431564414270834		1.15211434883062		0.750053346157074	0.428701170413447	0.864147176334748	0.496097403490652	0.0521326678057281	88.6885045974132
248	0.394267917634381		1.0781556992238		0.728767693042755	0.391404673776994	0.785724996812994	0.498144612128397	0.0532833327947957	88.4538350614401
246	0.357773130386002		1.00348126348703		0.708648979663849	0.354909886528615	0.711115929868824	0.499088645917528	0.0545062678591746	88.2051072037559
244	0.321040130247949		0.925659417281065		0.689503788948059	0.318176886390562	0.638245633055966	0.498517921489111	0.0558470203139937	87.933220594945
242	0.285618922503743		0.847252079134079		0.670726358890533	0.282755678646356	0.568274260820891	0.497569040410005	0.0571485850056738	87.6700824508534
240	0.250855613825104		0.766966930529101		0.651743054389954	0.247992369967717	0.499865329808288	0.496118364645993	0.058685418552112	87.3603934753307
