Wavelength	I1	I1 dark	R1	R1dark	XCorrect	I1c	R1c	I1c/R1c	Abs	Percent T
nm	uA	uA	uA	uA		uA	uA	uA/uA	OD	T*100
	Abs Detector Raw	Dark Offset for Abs Detector	Ref Detector Raw	Dark Offset for Ref Detector	Linear interp	Dark subtracted Abs Detector	Corrected Ref Detector	Corrected Intensity 	-Log(T)	% Transmittance
450	3.25400562664607	0.0028805753468806	5.29441514648779	4.91657255115513E-8	1.0119651556015	3.25112505129919	5.35776359778046	0.606806364626842	0.00340618387263192	99.2187648085887
448	2.96397670039612		4.84400110043599		1.00756251811981	2.96109612504924	4.88063389699289	0.606703183960112	0.00343812063475172	99.2114688153977
446	2.69329773988915		4.4206121665809		1.00348556041718	2.69041716454227	4.43602042803132	0.606493411874631	0.00349727907789816	99.197955412495
444	2.52384750130843		4.15695929979586		1.00001692771912	2.52096692596155	4.15702961846871	0.606434679888132	0.00359884054985318	99.1747602928809
442	2.48102508937017		4.09336692049267		0.997353196144104	2.47814451402329	4.08253253210832	0.607011577870639	0.00375532052003914	99.1390332258162
440	2.48782542788466		4.10545945299643		0.99558562040329	2.48494485253778	4.08733634760332	0.607961919746309	0.00390380453937417	99.1051436726035
438	2.51943713185991		4.15274561166166		0.994712889194489	2.51655655651303	4.13078953655992	0.609219262864889	0.00396811892937785	99.0904683423887
436	2.55777253535256		4.2073846251152		0.994661867618561	2.55489196000568	4.18492500010343	0.610498864362572	0.00402807374608722	99.0767897416783
434	2.61941820079634		4.29786202384222		0.995339572429657	2.61653762544946	4.27783210023618	0.611650379009733	0.00416493588065144	99.0455719272362
432	2.70465698463543		4.42623939474852		0.996668756008148	2.70177640928855	4.41149446235632	0.612440167916577	0.00442280847537516	98.9867787388203
430	2.81442505874109		4.59113018510527		0.99854189157486	2.81154448339421	4.58443577040741	0.613280373899611	0.00448088100070046	98.9735434154583
428	2.91086931128541		4.73468835184935		1.00089848041534	2.90798873593853	4.73894232739634	0.613636658780827	0.00441715540342652	98.9880672263499
426	2.97173435335991		4.82664301456785		1.00344467163086	2.96885377801303	4.84326916549733	0.612985501438298	0.00455495631272708	98.9566634614072
424	2.98185806100175		4.84491191260683		1.00566327571869	2.97897748565487	4.87234993515652	0.611404666187871	0.00469286323791285	98.9252455105421
422	3.1216957622659		5.08724166098749		1.00706160068512	3.11881518691902	5.12316568067317	0.608767192262503	0.00489971072125629	98.8781402243048
420	3.02305640556369		4.94725230770571		1.00703954696655	3.02017583021681	4.98207867316936	0.606207976297475	0.00505466613560267	98.8428669920283
418	2.87603920400271		4.73252203512623		1.00569581985474	2.87315862865583	4.75947757865112	0.60367100825173	0.00516799604041103	98.8170771380709
416	2.71786244193944		4.50194181469342		1.00317752361298	2.71498186659256	4.5162467917919	0.601158880760663	0.00533146069907289	98.7798902501512
414	2.5906172129557		4.31881562890172		1	2.58773663760882	4.31881557973599	0.599177387835348	0.00547581108040327	98.7470633412224
412	2.50120203264892		4.19401703727799		0.996665716171265	2.49832145730204	4.18003294509136	0.597679848489192	0.00563472474290101	98.7109371929384
410	2.42089334481877		4.08024498695135		0.993634045124054	2.41801276947189	4.05427028262888	0.596411339380166	0.00581850320005405	98.6691749630979
408	2.35867044304918		3.99141692903806		0.991304457187653	2.3557898677023	3.95670934351148	0.595391185750225	0.00597485516297789	98.6336591019153
406	2.31676935434942		3.93169834529231		0.989896655082703	2.31388877900254	3.89197499213007	0.594528172375576	0.00612239971241181	98.6001555976622
404	2.30308254776348		3.91624847230717		0.989499270915985	2.3002019724166	3.87512495942434	0.593581367440162	0.00631222475554725	98.5570680390528
402	2.32968669479259		3.96502871462528		0.990296423435211	2.32680611944571	3.92655370622268	0.592582272784977	0.00653502677797819	98.506519198749
400	2.38430900577225		4.05707948736944		0.992328882217407	2.38142843042537	4.02595710397992	0.591518580282729	0.00672751333614497	98.4628691403384
398	2.44799067869487		4.16008618292139		0.995916664600372	2.44511010334799	4.1430991067802	0.59016452185432	0.0069363649179771	98.4155298740299
396	2.48557500634417		4.21556750756949		1.00104904174805	2.48269443099729	4.21998976465933	0.58831764280303	0.00715152402746642	98.3667847155388
394	2.50154969052513		4.23161636818244		1.00751101970673	2.49866911517825	4.26340007258015	0.586074277018552	0.00736854900976544	98.3176412944689
392	2.50977810195059		4.23281386003964		1.01508748531342	2.50689752660371	4.29667632707989	0.583450401140047	0.00767133669217935	98.2491186747259
390	2.52435830371525		4.24479260999177		1.02326428890228	2.52147772836836	4.34354464129136	0.580511526092826	0.00800972835022611	98.1725951764623
388	2.55252127235271		4.27742919514782		1.03213286399841	2.54964069700583	4.41487519499278	0.57751138693514	0.00829186638841923	98.1088383720875
386	2.58677764754135		4.32086320701854		1.0414787530899	2.58389707219447	4.50008717391265	0.574188226213376	0.00850174837238806	98.0614366580049
384	2.62701732023212		4.37434398479963		1.05112040042877	2.62413674488524	4.59796214923668	0.570717343839136	0.0086836751880947	98.0203671312826
382	2.66131983311589		4.42066672224474		1.06085693836212	2.65843925776901	4.68969491232207	0.566868273410285	0.00895138632596275	97.9599632834559
380	2.68459016505416		4.44967998384756		1.07036590576172	2.68170958970728	4.76278569363547	0.563054851132785	0.00926055118910218	97.8902525167645
378	2.69338368552683		4.4568451693658		1.07964384555817	2.69050311017995	4.81180540462996	0.559146283761003	0.00954646299926466	97.825829021347
376	2.69550198467201		4.45411667816577		1.08844602108002	2.69262140932513	4.84806552226144	0.555401200120152	0.00988079033577273	97.7505500005699
374	2.7009571343898		4.45875728036077		1.09648740291595	2.69807655904292	4.88897113666579	0.551870011832995	0.010226463386007	97.6727772255777
372	2.71377142633078		4.47639837729549		1.10309183597565	2.7108908509839	4.93787845033497	0.54899910523314	0.0105993540455154	97.5889501533261
370	2.72786200895677		4.49710216953047		1.10777151584625	2.72498143360989	4.98176163279184	0.546991533210467	0.0109404481836863	97.5123340509533
368	2.74908717325998		4.53039313944953		1.10863637924194	2.7462065979131	5.02255859215495	0.546774427321281	0.0112943940345092	97.4328948064455
366	2.77583971547079		4.57364443647722		1.10545682907104	2.77295914012391	5.05596642169595	0.548452839446225	0.0116570749665843	97.3515622000472
364	2.80367857603664		4.61949270615079		1.09869837760925	2.80079800068976	5.07542908760735	0.551834722216581	0.0120616687588484	97.2609105846433
362	2.84301409345758		4.68441755289657		1.08933818340302	2.8401335181107	5.10291485381545	0.556570822651908	0.0124344169938405	97.1774688632712
360	2.88413624661358		4.75224019910994		1.07917475700378	2.8812556712667	5.12849760903968	0.561812813598293	0.012819319116219	97.0913815526347
358	2.93731425421359		4.83983328306983		1.06827116012573	2.93443367886671	5.17025426359782	0.567560806347023	0.0132210600970984	97.0016093977317
356	2.98261963977475		4.91459928049244		1.05680763721466	2.97973906442787	5.19378600151537	0.57371232922544	0.0136003559971521	96.9169289505587
354	3.02377608329519		4.98258592572859		1.04510068893433	3.02089550794831	5.20730393227029	0.580126596649651	0.0140253775480223	96.8221277601148
352	3.06123672604915		5.04476029559734		1.03346526622772	3.05835615070227	5.21358449113348	0.586612944683929	0.0144281804531369	96.732368033865
350	3.09050704982542		5.0937454109615		1.02230274677277	3.08762647447854	5.20734987472486	0.592936243724488	0.0148290453539684	96.6431227813056
348	3.11939253799125		5.1429952919496		1.01192998886108	3.11651196264437	5.2043511187429	0.598828151970876	0.0153061444250958	96.537012690382
346	3.1379989832294		5.17577375536029		1.00238728523254	3.13511840788252	5.18812975433036	0.604286815545765	0.0157833373566189	96.4309982630641
344	3.14887724327708		5.1963768151738		0.99351966381073	3.1459966679302	5.16270249759823	0.609370125315911	0.0162328867394408	96.331231702141
342	3.15562065633607		5.2111233857529		0.985283493995667	3.15274008098919	5.13443380871497	0.614038509102575	0.0167465630983491	96.2173600642063
340	3.15479869507634		5.21432695019322		0.977408707141876	3.15191811972946	5.09652851494839	0.618444125346245	0.017254354832229	96.1049252306347
338	3.14956240440716		5.21147998568637		0.970744788646698	3.14668182906028	5.05901698951424	0.621994714700971	0.0177556048714404	95.9940677122131
336	3.13358631072099		5.19343987670898		0.965340495109558	3.13070573537411	5.0134377744423	0.624462868839013	0.0182996917063404	95.8738810466497
334	3.10504594787931		5.15674118870457		0.960905849933624	3.10216537253243	4.95514272757626	0.626049650450696	0.0188467188898692	95.7531965674955
332	3.06415264400625		5.10262853755361		0.956919252872467	3.06127206865937	4.8828034407939	0.626949682857116	0.0194192653469493	95.6270447651748
330	3.00940505958959		5.02987210880787		0.952399551868439	3.00652448424271	4.79044789555876	0.627608221567355	0.0200609988630045	95.485846188782
328	2.95272851684731		4.95566784315386		0.947583913803101	2.94984794150043	4.69591108373525	0.628173721542028	0.0206921997751169	95.3471684519949
326	2.88942776840233		4.87131626308726		0.942499101161957	2.88654719305545	4.59121115309672	0.628711487405346	0.0212928104981354	95.2153985266783
324	2.82583135752364		4.78793475137617		0.93723601102829	2.82295078217676	4.48742482136364	0.629080351104115	0.0219394613431096	95.0737312836269
322	2.76466997430449		4.70644055736587		0.932073950767517	2.76178939895761	4.38675059853039	0.629575203086047	0.0226044104029833	94.9282751057272
320	2.70653163794825		4.62813797955375		0.926964044570923	2.70365106260137	4.29011745478458	0.63020443871207	0.0233039495586602	94.7754926155758
318	2.6449360620225		4.54293604141764		0.922304213047028	2.64205548667562	4.18996900525692	0.630566833158142	0.0240666731346468	94.6091905651421
316	2.59261592551281		4.47177180504835		0.918256640434265	2.58973535016593	4.10623410934561	0.630683804479586	0.024887297958221	94.43058975776
314	2.54749749144831		4.41117105333737		0.914912283420563	2.54461691610143	4.03583453598526	0.630505758700589	0.025677430445976	94.2589439094496
312	2.4982024232859		4.34292677952152		0.912353217601776	2.49532184793902	3.96228317624887	0.629768680566988	0.0264392848917142	94.093736548829
310	2.44495842935803		4.26842860436347		0.910388767719269	2.44207785401115	3.88592941246422	0.628441125610292	0.0271944153056333	93.9302730254341
308	2.38182111515719		4.17789552041533		0.909599006175995	2.37894053981031	3.80020956855583	0.626002460362828	0.0279292026119725	93.7714857939535
306	2.30903093152878		4.0738326123025		0.910057485103607	2.3061503561819	3.70742181714143	0.622036139917855	0.0287683272747558	93.5904795831274
304	2.23331972903182		3.96596285199134		0.911799371242523	2.23043915368494	3.61616238998763	0.616797287605376	0.0296519472617071	93.4002530218993
302	2.15054705683653		3.84653835377062		0.914810836315155	2.14766648148965	3.51885492335388	0.610331067426522	0.0305710895683243	93.2027894413127
300	2.06494658517336		3.72254036761244		0.918769717216492	2.06206600982648	3.42015731570628	0.602915544368945	0.0314997039421103	93.0037148758658
298	1.97666526391153		3.5928743297191		0.925088822841644	1.97378468856465	3.32372783881514	0.593846663831619	0.032433393307172	92.8039810431405
296	1.87902521221835		3.44742353277425		0.934033513069153	1.87614463687147	3.22000906743197	0.58265197320321	0.0334458092998082	92.5878907878325
294	1.77806798117644		3.29533086248355		0.945518314838409	1.77518740582956	3.11579563744335	0.569738074120349	0.0344801781321261	92.3676345466109
292	1.67442849916869		3.13814202033821		0.958811581134796	1.67154792382181	3.00888686520535	0.55553698051978	0.0355515690636263	92.1400473159169
290	1.56320564072639		2.96684032994197		0.972512900829315	1.56032506537951	2.88529044775496	0.540786133539381	0.0366591446461064	91.9053631319234
288	1.45313337961023		2.79614669292871		0.985911250114441	1.45025280426335	2.75675243305566	0.52607292075765	0.0377838801112524	91.6676546452395
286	1.34300289339665		2.62323000904934		0.998497068881989	1.34012231804977	2.61928742594721	0.511636220131565	0.038909916459799	91.4302871090995
284	1.23749486077787		2.45703475743478		1.00980842113495	1.23461428543099	2.48113433943094	0.497600740842656	0.0400661327691862	91.1871972267106
282	1.13787065951579		2.29901025285788		1.01925599575043	1.13499008416891	2.34327993440464	0.484359579709063	0.041153754374982	90.9591190749705
280	1.04976097033336		2.15955032177451		1.02668535709381	1.04688039498648	2.21717864279539	0.472167814888648	0.0424471506296007	90.6886317021681
278	0.963959114800553		2.022193933977		1.02920281887054	0.961078539453673	2.08124764655054	0.461780000590782	0.0433835106813684	90.4933132296965
276	0.890425090029277		1.90434681205206		1.02617704868317	0.887544514682396	1.95419694080804	0.454173525783642	0.0444762452817431	90.265907909919
274	0.827307536977445		1.80405339285646		1.01811420917511	0.824426961630565	1.83673234332141	0.448855253531243	0.0455854147125181	90.0356668009253
272	0.773664817058328		1.72057980025381		1.00556790828705	0.770784241711447	1.73015978134269	0.445498878209548	0.0467216261115032	89.8004212415764
270	0.731227343269566		1.6568346353067		0.990819931030273	0.728346767922685	1.64162473036877	0.443674339481394	0.0478706148546334	89.5631552634074
268	0.697755245421543		1.60808227425476		0.971708416938782	0.694874670074662	1.56258703324866	0.444695018766411	0.0489786144830974	89.3349472940342
266	0.669999327156799		1.56914571191034		0.948243975639343	0.667118751809919	1.48793292159819	0.448352706043608	0.0500736461238383	89.109981576229
264	0.646198002789014		1.53585403805248		0.92191618680954	0.643317427442133	1.4159286529307	0.454343109810363	0.0510806879863419	88.9035927679384
262	0.62098092606686		1.49844172374885		0.894447326660156	0.618100350719979	1.34027714998704	0.461173534687176	0.0521136113126822	88.6923962631424
260	0.594540819971337		1.45701670967284		0.868269026279449	0.591660244624457	1.26508243709145	0.46768513045264	0.053157953286411	88.4793751035979
258	0.564443985781703		1.40604019783226		0.843208372592926	0.561563410434822	1.18558482555743	0.473659411228372	0.0541809319263133	88.2712076105254
256	0.529442042969089		1.34343767000624		0.81903064250946	0.526561467622209	1.10031657776839	0.478554516273996	0.0552139758159256	88.0614889329871
254	0.494507382871051		1.27893305681997		0.795488953590393	0.491626807524171	1.01737707997109	0.483229686615448	0.0562379679777048	87.8540995833313
252	0.459166491492084		1.2116931156824		0.772492587566376	0.456285916145204	0.936023912289704	0.487472499531594	0.0572733792198769	87.6448941333615
250	0.423070719541589		1.14146701529569		0.750053346157074	0.420190144194709	0.856161117473546	0.490783960657606	0.058405285085524	87.4167618276101
248	0.386154335310031		1.06737983175384		0.728767693042755	0.38327375996315	0.777871901757218	0.492720921140527	0.0595493990799323	87.18677245423
246	0.349885443853392		0.992131053164546		0.708648979663849	0.347004868506511	0.703072623676634	0.493554800486884	0.0607759183751092	86.9408899888084
244	0.31374281887574		0.914713958340426		0.689503788948059	0.310862243528859	0.630698706179447	0.492885494267072	0.0620999957567538	86.6762281858684
242	0.279208136701722		0.837634514475243		0.670726358890533	0.276327561354842	0.561823514998272	0.491840505030644	0.0635197563729664	86.3933358831399
240	0.245014088783342		0.757723975243769		0.651743054389954	0.242133513436461	0.493841305966451	0.490306320089212	0.0650713314839235	86.085234831893
