Wavelength	I1	I1 dark	R1	R1dark	XCorrect	I1c	R1c	I1c/R1c	Abs	Percent T
nm	uA	uA	uA	uA		uA	uA	uA/uA	OD	T*100
	Abs Detector Raw	Dark Offset for Abs Detector	Ref Detector Raw	Dark Offset for Ref Detector	Linear interp	Dark subtracted Abs Detector	Corrected Ref Detector	Corrected Intensity 	-Log(T)	% Transmittance
450	3.04235902430167	0.00283685995971091	4.91409817860642	1.05878352695827E-7	1.0119651556015	3.03952216434196	4.9728960208093	0.611217719337574	-0.00124610958419105	100.28733936574
448	2.77889605823202		4.50987379220079		1.00756251811981	2.77605919827231	4.54397968779331	0.610931251680053	-0.00126474552648628	100.29164287234
446	2.52696333625692		4.11925660788922		1.00348556041718	2.52412647629721	4.13361441942247	0.610634234397186	-0.00128702162595379	100.296787224854
444	2.37011820016489		3.87655283118975		1.00001692771912	2.36728134020518	3.87661834650707	0.61065628045076	-0.00133051483033022	100.306832130525
442	2.33303642459692		3.82125324156696		0.997353196144104	2.33019956463721	3.81113902815471	0.611418147546679	-0.00133046928673105	100.306821611547
440	2.34607509316461		3.84184741628936		0.99558562040329	2.3432382332049	3.82488793803025	0.612629251149152	-0.00132047190156946	100.304512592138
438	2.38238961287627		3.8956482054624		0.994712889194489	2.37955275291656	3.87505137642227	0.614069988180012	-0.00130095381591422	100.300004802705
436	2.42226630542527		3.95194595588849		0.994661867618561	2.41942944546556	3.9308498398985	0.615497804293645	-0.00123278563593316	100.284262645037
434	2.47786865709111		4.03076772640687		0.995339572429657	2.4750317971314	4.01198251998016	0.616909915435933	-0.00117132532044697	100.270071660404
432	2.55150172971356		4.1375369675167		0.996668756008148	2.54866486975385	4.12375371682695	0.618044879681839	-0.00104256672866505	100.240348235182
430	2.64924585041674		4.28243677976323		0.99854189157486	2.64640899045703	4.27619241689055	0.618870418460115	-9.15006746270992E-4	100.210910192705
428	2.73331054897406		4.40704306670022		1.00089848041534	2.73047368901435	4.41100260261175	0.619014300149731	-7.75653695807608E-4	100.178760450065
426	2.78399652207882		4.48260025227071		1.00344467163086	2.78115966211911	4.49804123194912	0.618304617210893	-6.34087443202985E-4	100.146110667213
424	2.78388417832927		4.48432899575338		1.00566327571869	2.78104731836956	4.50972488079167	0.616677822235878	-5.10377430160901E-4	100.117587826586
422	2.90924416806273		4.70200705152421		1.00706160068512	2.90640730810302	4.73521064111466	0.613786276552812	-3.81816085668999E-4	100.08795506051
420	2.81903770846224		4.57622092409714		1.00703954696655	2.81620084850253	4.60843533959795	0.611096964799386	-3.09798688758484E-4	100.071359232851
418	2.68608877670181		4.38549247271081		1.00569581985474	2.6832519167421	4.41047134132826	0.608382122699388	-2.56698911503658E-4	100.059124580395
416	2.53328822718217		4.16469157352798		1.00317752361298	2.53045136722246	4.17792487312885	0.605671821314346	-2.02746687343277E-4	100.046695048738
414	2.41683208506938		3.99887227243275		1	2.41399522510967	3.9988721665544	0.603669015803941	-1.28156588757601E-4	100.029513499461
412	2.33323182010395		3.8834497501075		0.996665716171265	2.33039496014424	3.87050112088069	0.6020912763911	-7.6795390324953E-5	100.017684355595
410	2.26510169342306		3.78871498648865		0.993634045124054	2.26226483346335	3.7645960926425	0.600931621292574	-2.62714423715286E-5	100.006049406127
408	2.20633867282453		3.70499899723983		0.991304457187653	2.20350181286482	3.67278191488194	0.599954438878152	5.53228467633724E-5	99.9872622550937
406	2.16396379831937		3.64398062671541		0.989896655082703	2.16112693835966	3.60716412876313	0.599120766678476	1.37402005455744E-4	99.9683670233304
404	2.14775840775913		3.62311533545764		0.989499270915985	2.14492154779942	3.58506987811331	0.598292814568013	2.17452477164987E-4	99.949942249839
402	2.16716393014252		3.65833295250442		0.990296423435211	2.16432707018281	3.62283393374935	0.597412718816759	3.44070872945743E-4	99.9208061286143
400	2.22055977953854		3.74681494922117		0.992328882217407	2.21772291957883	3.71807258536997	0.596471120091958	4.78058394549826E-4	99.8899835492333
398	2.28437969790332		3.84873983325401		0.995916664600372	2.28154283794361	3.83302403220291	0.595233115883274	6.28404449873341E-4	99.8554091615602
396	2.327185685688		3.91233788150249		1.00104904174805	2.32434882572829	3.91644198128322	0.593484810150748	7.74732380391874E-4	99.8217702950966
394	2.34366133991904		3.92887288306402		1.00751101970673	2.34082447995933	3.95838261804033	0.591358821476991	9.3814640927999E-4	99.7842169533656
392	2.34913096717584		3.92485344623112		1.01508748531342	2.34629410721613	3.98406950748265	0.588918969111721	0.00113224714824883	99.7396300116626
390	2.35823155633218		3.92629075091288		1.02326428890228	2.35539469637247	4.01763300491494	0.58626427388739	0.00130725367817804	99.6994462864976
388	2.3811927948472		3.94992202848772		1.03213286399841	2.37835593488749	4.07684422655293	0.583381606635103	0.00150768774591297	99.653443963577
386	2.41331895031779		3.98957951856363		1.0414787530899	2.41048209035808	4.15506219207662	0.58013141053693	0.00170695798883014	99.6077297955909
384	2.44920075355983		4.03590811701133		1.05112040042877	2.44636389360012	4.24222524475578	0.576669967400789	0.00189282261291833	99.5651098845015
382	2.4822335105893		4.07905184730768		1.06085693836212	2.47939665062959	4.3272903418334	0.572967481904417	0.00209246060709573	99.5193519672446
380	2.50429550268864		4.1057160887376		1.07036590576172	2.50145864272893	4.3946184067935	0.569209522005825	0.00231394294753313	99.4686118348885
378	2.51481018526381		4.11531875471485		1.07964384555817	2.5119733253041	4.44307845172708	0.565367763048989	0.0025291869482656	99.4193256520452
376	2.51570416963524		4.1102197622222		1.08844602108002	2.51286730967553	4.47375223071234	0.561691211333672	0.00277726784333349	99.3625508292525
374	2.51921380341028		4.1110824754349		1.09648740291595	2.51637694345057	4.50775003056863	0.558233470442269	0.00302931558333365	99.3049013736177
372	2.52823478970236		4.12181934550919		1.10309183597565	2.52539792974265	4.54674515260412	0.555429839364593	0.00331989090092678	99.2384812293289
370	2.54233203248457		4.14183903943961		1.10777151584625	2.53949517252486	4.58821119382218	0.553482624327358	0.00360029022875678	99.1744292471877
368	2.55840966913908		4.16592877567148		1.10863637924194	2.55557280917937	4.61850007665966	0.553333932393846	0.00391314933913528	99.1030112306826
366	2.58179918401958		4.20271509388386		1.10545682907104	2.57896232405987	4.64591998412993	0.555102613232554	0.00422924069534444	99.0309076017398
364	2.61114847752209		4.24951388926978		1.09869837760925	2.60831161756238	4.66893389944032	0.558652504777386	0.00456959506854317	98.9533279872545
362	2.64327310955519		4.30131111725291		1.08933818340302	2.64043624959548	4.68558232338215	0.563523606536393	0.00491902966670359	98.8737418748197
360	2.68176223537796		4.36303154832139		1.07917475700378	2.67892537541825	4.70847339669834	0.568958375616342	0.00526110181580705	98.7958946113992
358	2.72264230682919		4.42858295919228		1.06827116012573	2.71980544686948	4.73092734242259	0.574899010280875	0.0056127173198081	98.7159393941902
356	2.76209233271322		4.49211227859989		1.05680763721466	2.75925547275351	4.74729845135706	0.581226459854184	0.00597144200037875	98.6344342764874
354	2.80279035826675		4.55762604298654		1.04510068893433	2.79995349830704	4.76317800677672	0.587833059004609	0.00636301204268452	98.5455432473267
352	2.83220733080545		4.60534396760056		1.03346526622772	2.82937047084574	4.75946292012495	0.594472636583009	0.00675439058587394	98.4567757420903
350	2.85806557126203		4.64753962661164		1.02230274677277	2.85522871130231	4.75119241778062	0.600949921669569	0.00713802581912946	98.369842078787
348	2.87984289702136		4.68369418538644		1.01192998886108	2.87700603706165	4.73957049770535	0.607018302281725	0.00756732467192444	98.2726518154021
346	2.89315725894733		4.70649521394117		1.00238728523254	2.89032039898762	4.71773085433134	0.612650549221989	0.00798312512658222	98.1786090394222
344	2.90247445454812		4.7233937522851		0.99351966381073	2.89963759458841	4.69278446762377	0.617892770186537	0.00839183501193968	98.0862576642696
342	2.90425512999673		4.72919163474892		0.985283493995667	2.90141827003702	4.6595943533403	0.622676149471487	0.00888669791109022	97.974555563519
340	2.90313430968871		4.73116151267073		0.977408707141876	2.900297449729	4.62427835389248	0.627189201810846	0.00935724947706578	97.8684590874479
338	2.89082237777176		4.71634023180548		0.970744788646698	2.88798551781205	4.57836259872907	0.630790038039744	0.00984095432227979	97.7595166602589
336	2.87243248038431		4.69383862056726		0.965340495109558	2.86959562042459	4.53115239573411	0.63330370947713	0.0103561111485855	97.6436238109519
334	2.83967711918706		4.65000536227887		0.960905849933624	2.83684025922735	4.46821725309736	0.634893090138099	0.0108736159476565	97.5273410774305
332	2.80114593281759		4.59984200310431		0.956919252872467	2.79830907285788	4.40167727162494	0.635736993008769	0.0114055909883975	97.407951237787
330	2.74468354534789		4.5241383657115		0.952399551868439	2.74184668538818	4.30878725125595	0.636338376787801	0.0119827522349159	97.2785856661941
328	2.68688955469341		4.44733589043245		0.947583913803101	2.6840526947337	4.21422384872435	0.636903209483321	0.0125563032429246	97.150199497183
326	2.62903273526313		4.37126248904371		0.942499101161957	2.62619587530342	4.11991086707643	0.637439973832983	0.0131281721770812	97.0223585477879
324	2.56927363882223		4.29334994378212		0.93723601102829	2.56643677886252	4.02388207602588	0.637801190584893	0.0137538035525032	96.8826917233428
322	2.51515033174683		4.22230644471704		0.932073950767517	2.51231347178712	3.9355017505921	0.638371834394213	0.0143946227394326	96.7398427835195
320	2.4605288117828		4.14854107391804		0.926964044570923	2.45769195182308	3.84554831480224	0.639100526279429	0.0150727651022339	96.5889032810872
318	2.407437820784		4.07608940591327		0.922304213047028	2.40460096082429	3.75939433417812	0.63962456371313	0.015805259142615	96.4261308598529
316	2.3612190774791		4.01362885114983		0.918256640434265	2.35838221751939	3.68554124758338	0.639901186580338	0.0165697445316637	96.2565419562492
314	2.32056790902174		3.95975648645624		0.914912283420563	2.31773104906203	3.62282975194366	0.639757098113308	0.01735689769049	96.0822362239973
312	2.2764604157084		3.90046370023483		0.912353217601776	2.27362355574869	3.55860051044972	0.638909467098728	0.0181967896850526	95.8966001587606
310	2.22234799730483		3.82512887957231		0.910388767719269	2.21951113734512	3.48235427065076	0.637359373815333	0.0190663516487465	95.7047842051674
308	2.16269802195724		3.74184264618115		0.909599006175995	2.15986116199753	3.40357625592648	0.634585800226063	0.0199560185651521	95.5089303969312
306	2.0969063311394		3.65023408209407		0.910057485103607	2.09406947117969	3.32192275243462	0.630378737628671	0.0208978582103776	95.3020278661716
304	2.02583210128017		3.55031538620426		0.911799371242523	2.02299524132046	3.23717524031389	0.624926082507756	0.0218559044733413	95.0920249253136
302	1.95229751010265		3.44703554123935		0.914810836315155	1.94946065014294	3.15338536943056	0.618211991798189	0.0228400746833714	94.8767774792344
300	1.87344630924585		3.33433575653342		0.918769717216492	1.87060944928614	3.06348662285723	0.610614531602385	0.0238449902867116	94.6574955503937
298	1.78968076270556		3.21278055845143		0.925088822841644	1.78684390274585	2.97210728691947	0.601204374623326	0.0248487532608326	94.4389710754681
296	1.69845374565472		3.07845073965224		0.934033513069153	1.69561688569501	2.87537606027379	0.589702651114636	0.0259220292727105	94.2058713131048
294	1.60772085457847		2.94443412560441		0.945518314838409	1.60488399461876	2.78401629248427	0.576463578518309	0.0270339699292762	93.964980954793
292	1.51117316534837		2.80000183777008		0.958811581134796	1.50833630538866	2.68467408773527	0.561832183757193	0.0281913041479088	93.7149107359528
290	1.41058844895341		2.64758722086608		0.972512900829315	1.4077515889937	2.57481262539503	0.546739430710117	0.0293682975372357	93.4612752330121
288	1.30698488654187		2.48794338361336		0.985911250114441	1.30414802658216	2.45289126716554	0.531677879097013	0.0305593679766193	93.2053050150359
286	1.20544487718198		2.33064668014032		0.998497068881989	1.20260801722227	2.32714377300042	0.516774266882414	0.0318279205997393	92.9334541705245
284	1.10774157841874		2.17855544865169		1.00980842113495	1.10490471845902	2.19992353104105	0.502246874888491	0.0331185928613207	92.6576768368637
282	1.01491530071348		2.03409288900758		1.01925599575043	1.01207844075377	2.07326126511714	0.488157695212902	0.0346687596702494	92.3275349137065
280	0.931241541282198		1.90205545463934		1.02668535709381	0.928404681322487	1.95281237495487	0.475419294362031	0.0358093730387202	92.0853677782887
278	0.853401072843233		1.77830619081091		1.02920281887054	0.850564212883522	1.83023763542723	0.464728839807175	0.0371942509610742	91.7921937107462
276	0.785136353063922		1.66961077701997		1.02617704868317	0.782299493104211	1.71331615096203	0.456599613950379	0.0385743314284577	91.5009637917081
274	0.728181870055824		1.58019172911881		1.01811420917511	0.725345010096113	1.60881554484059	0.450856540031744	0.0399829852727192	91.2046570686454
272	0.679295057913926		1.5044033940538		1.00556790828705	0.676458197954215	1.51277966771075	0.447162407317308	0.0414500300463141	90.8970879302382
270	0.641678499226344		1.44798698111192		0.990819931030273	0.638841639266633	1.43469425585166	0.44528068378402	0.0429185268845251	90.5902531169054
268	0.612295307611982		1.40532731453433		0.971708416938782	0.609458447652272	1.3655682772041	0.446303899868042	0.044360180606735	90.2900345884002
266	0.586889775486935		1.36918499574971		0.948243975639343	0.584052915527224	1.29832132335693	0.449852363217066	0.0458164437273171	89.9877838077178
264	0.563781871119635		1.33576022985137		0.92191618680954	0.560945011159924	1.23145887998544	0.455512579653943	0.0472192503106173	89.6975848650154
262	0.539450236288474		1.2984392953488		0.894447326660156	0.536613376328763	1.16138546185262	0.462045887394497	0.048620606410757	89.408620388158
260	0.513729273663385		1.25667802232231		0.868269026279449	0.510892413703674	1.09113451085768	0.468221295009804	0.0499704785726432	89.1311523508869
258	0.485665355725393		1.20865221888466		0.843208372592926	0.482828495765682	1.01914558123905	0.473758121169179	0.0513610299185212	88.8462230255744
256	0.453493713194439		1.15075630969217		0.81903064250946	0.450656853234728	0.942504592981378	0.478148177304036	0.0528215833412353	88.5479307319365
254	0.420819370165006		1.08958943534348		0.795488953590393	0.417982510205295	0.866756275539473	0.482237650884201	0.0542412991131645	88.2589387137803
252	0.388247928237863		1.02699907467236		0.772492587566376	0.385411068278152	0.793349090831679	0.485802621736316	0.0557091693978867	87.9611362132995
250	0.355912751670291		0.96332512391767		0.750053346157074	0.35307589171058	0.722545153217213	0.488655816371433	0.0571723734781614	87.6652804551692
248	0.323206827626986		0.897147496822077		0.728767693042755	0.320369967667275	0.653812034417384	0.490003167275376	0.0587582586210661	87.3457425788799
246	0.29179379990013		0.831816004977008		0.708648979663849	0.288956939940419	0.58946548816443	0.490201624594205	0.0603894216823865	87.0182967354997
244	0.260680680110715		0.764969604283827		0.689503788948059	0.257843820151004	0.527449367580271	0.488850373134183	0.0621909951355875	86.6580684878669
242	0.231565885000001		0.699771465709711		0.670726358890533	0.22872902504029	0.469355096235564	0.487326177716613	0.0640295047988968	86.2919921317235
240	0.203332794089052		0.633718762523123		0.651743054389954	0.200495934129341	0.413021732905561	0.485436765564066	0.0659840727517631	85.904502541127
