wavelength	S-Sdark	Sdark	I	Idark	Wavelength	R	Rdark	Mcorrect	XCorrect	Sc	Ic	Rc	Sc/Rc
nm	counts	counts			nm	uA	uA			counts*Mcorrect		uA*Xcorrect	counts/uA
	Raw CCD Data	Dark Offset CCD				Linear interp of B	Dark Offset Ref	interpolated	Linear interp of B	Dark Corrected CCD		Dark Corrected Ref	Fully Corrected Emission Spectrum
246.813	-11	1928	2.90853801441972	0.00284114689931476	350.0268	4.63948612599278	3.56078146465366E-8	1	1.02245073990822	-11	2.90569686752041	4.74364598590799	-2.31889142500891
247.37	24	2121						1		24			5.05939947274672
247.927	46	1998						1		46			9.69718232276455
248.484	15	1911						1		15			3.1621246704667
249.041	-11	2346						1		-11			-2.31889142500891
249.599	59	2088						1		59			12.4376903705024
250.156	11	1999						1.16106412601471		12.7717053861618			2.69238164570098
250.713	17	2152						1.13822174286842		19.3497696287632			4.07909226073063
251.27	17	2227						1.12052266716957		19.0488853418827			4.01566335229725
251.828	23	2192						1.10826877641678		25.4901818575859			5.37354219377034
252.385	27	2268						1.10366418600082		29.7989330220223			6.28186275083476
252.943	7	2214						1.10246498537064		7.71725489759445			1.62686147333089
253.501	26	2080						1.09855073833466		28.5623191967011			6.02117427850887
254.058	-35	2335						1.09527892827988		-38.3347624897957			-8.08128654703096
254.616	-6	2217						1.10013546466827		-6.60081278800964			-1.39150619747316
255.174	-13	2064						1.10681036424637		-14.3885347352028			-3.03322271053679
255.732	-7	2621						1.11749820327759		-7.82248742294312			-1.64904536430026
256.29	-37	2381						1.12314307689667		-41.5562938451767			-8.76041213206645
256.847	29	2223						1.12412579059601		32.5996479272842			6.87227673062628
257.406	-1	2159						1.12686383366585		-1.12686383366585			-0.237552261912764
257.964	43	2408						1.13025595903397		48.6010062384605			10.2454960557428
258.522	-17	2466						1.13670450019836		-19.3239765033722			-4.07365485552214
259.08	-2	2403						1.14293361663818		-2.28586723327637			-0.481879811450311
259.638	23	2246						1.14659221625328		26.3716209738255			5.55935688543537
260.196	3	2278						1.15155241107941		3.45465723323822			0.728270457681921
260.755	-25	2456						1.15892976999283		-28.9732442498207			-6.10780069505437
261.313	-37	2768						1.16595356678963		-43.1402819712162			-9.09432999413817
261.872	51	2567						1.17272305393219		59.8088757505417			12.6082081015777
262.43	-14	2272						1.18088818430901		-16.5324345803261			-3.48517461662173
262.989	22	2397						1.18948775064945		26.1687305142879			5.51658589026831
263.548	22	2348						1.19876344823837		26.3727958612442			5.55960456146816
264.106	-41	2624						1.20634280085564		-49.4600548350811			-10.4265906397764
264.665	75	2546						1.20670231282711		90.5026734620333			19.0787157664992
265.224	5	2656						1.20895893096924		6.04479465484619			1.27429295373296
265.783	20	2775						1.21405273914337		24.2810547828674			5.11864815692391
266.342	8	2429						1.22082653927803		9.76661231422424			2.05888304971282
266.901	-6	2265						1.2286662992239		-7.3719977953434			-1.55407840661877
267.46	-70	2472						1.23352296590805		-86.3466076135635			-18.2025825430638
268.019	57	2753						1.23761357080936		70.5439735361338			14.8712559380906
268.578	44	2755						1.23817859435081		54.4798581514358			11.4848069002788
269.137	-9	2443						1.23958827567101		-11.156294481039			-2.35183960063234
269.697	-12	2391						1.24360692572594		-14.9232831087112			-3.14595211216099
270.256	7	2537						1.24623894405365		8.72367260837555			1.83902269146793
270.815	50	2359						1.24723824739456		62.3619123697281			13.14640944012
271.375	43	2707						1.24654181301594		53.6012979596853			11.2995991098238
271.934	74	2518						1.24501067185402		92.1307897171974			19.4219362049553
272.494	69	3058						1.24005838036537		85.5640282452106			18.0376083079127
273.054	53	2339						1.23563554692268		65.4886839869022			13.8055588847587
273.613	31	2555						1.2404448775053		38.4537912026644			8.10637878899469
274.173	34	2815						1.24277453911304		42.2543343298435			8.90756486790308
274.733	-8	2668						1.23953794968128		-9.91630359745026			-2.09043921635568
275.293	74	2800						1.23901756119728		91.6872995285988			19.3284447871901
275.853	21	2731						1.24097234559059		26.0604192574024			5.49375297710251
276.413	42	3011						1.24171603667736		52.1520735404491			10.9940905572165
276.973	32	2198						1.24202866065502		39.7449171409607			8.37855886780578
277.533	49	2376						1.23850349259377		60.6866711370945			12.7932546647404
278.093	61	2360						1.23489812755585		75.3287857809067			15.8799341276071
278.653	37	2579						1.23186628246307		45.5790524511337			9.60844308081504
279.213	92	2555						1.22861485099792		113.032566291809			23.8282044291661
279.774	57	2640						1.22499924468994		69.8249569473267			14.7196812651611
280.334	17	2757						1.221560734272		20.7665324826241			4.37775764555691
280.895	26	2289						1.21823176026344		31.6740257668495			6.67714788602352
281.455	45	2567						1.21177949309349		54.5300771892071			11.4953934908297
282.016	76	2603						1.20476660728455		91.5622621536255			19.3020858693146
282.576	86	2801						1.20369348526001		103.517639732361			21.8223788284121
283.137	86	2671						1.20076382219791		103.265688709021			21.7692654586352
283.698	88	2959						1.19209429860115		104.904298276901			22.1146979746258
284.258	37	2903						1.18515868926048		43.8508715026379			9.24412817333043
284.819	-12	2819						1.18022581827641		-14.1627098193169			-2.98561694135486
285.38	31	2563						1.17568016767502		36.4460851979256			7.68313767641945
285.941	33	2582						1.17131895625591		38.6535255564451			8.14848445083668
286.502	41	2542						1.16294825959206		47.6808786432743			10.0515255111618
287.063	66	2787						1.15443401300907		76.1926448585987			16.0620428010322
287.624	68	2862						1.14851003360748		78.0986822853088			16.4638513323544
288.185	83	2442						1.14264548897743		94.8395755851269			19.9929707796214
288.747	26	2564						1.13689150309563		29.5591790804863			6.23132062727659
289.308	82	2521						1.13274499511719		92.8850895996094			19.580948889429
289.869	92	2626						1.1299105052948		103.951766487122			21.9138963565014
290.431	88	2844						1.12174648463726		98.7136906480789			20.8096664340739
290.992	106	2568						1.11198152542114		117.870041694641			24.8479844501042
291.554	111	2633						1.10611221122742		122.778455446243			25.8827188645575
292.115	55	2515						1.10090053856373		60.5495296210051			12.7643440933156
292.677	73	2828						1.09797490680218		80.1521681965589			16.8967432297157
293.238	123	2645						1.09425345945358		134.593175512791			28.37336005103
293.8	40	2364						1.08943634033203		43.5774536132812			9.18648940977833
294.362	78	2626						1.08216683602333		84.4090132098198			17.7941215387014
294.924	45	2471						1.07354242277145		48.3094090247154			10.1840249395146
295.486	79	2500						1.07021188545227		84.5467389507294			17.823155269574
296.048	74	2922						1.06765071773529		79.0061531124115			16.6551537250284
296.61	107	2681						1.06446333408356		113.897576746941			24.010555822525
297.172	121	2692						1.06088938856125		128.367616015911			27.0609603661939
297.734	86	2594						1.05643893647194		90.8537485365868			19.1527253101279
298.296	38	2705						1.05258993339539		39.9984174690247			8.43199884389528
298.858	105	2416						1.04928142166138		110.174549274445			23.2257106878847
299.42	107	2950						1.04658929586411		111.985054657459			23.6073802703943
299.983	107	2624						1.04410114777088		111.718822811484			23.5512563845128
300.545	116	2713						1.03973058760166		120.608748161793			25.4253265357673
301.108	105	2546						1.03592858791351		108.772501730919			22.9301474127814
301.67	157	2637						1.03480507135391		162.464396202564			34.248845020307
302.233	79	2540						1.03215463840961		81.5402164343596			17.1893553348188
302.795	113	2825						1.02735299527645		116.090888466239			24.4729241623662
303.358	143	2535						1.02441845917702		146.491839662313			30.8816973478836
303.921	89	2397						1.02255796897411		91.0076592386961			19.1851709653405
304.484	87	2578						1.02262341451645		88.9682370629311			18.7552438203083
305.046	187	2456						1.02276504135132		191.257062732697			40.3185784312038
305.609	154	2895						1.02023803377151		157.116657200813			33.1214971917301
306.172	122	2798						1.01816605091095		124.216258211136			26.1858196374996
306.735	178	2899						1.01712845563889		181.048865103722			38.1666055269651
307.298	261	2725						1.01541724729538		265.023901544094			55.8692411557278
307.861	226	2573						1.01310702061653		228.962186659336			48.2671319359659
308.425	252	2566						1.00954346954823		254.404954326153			53.6306788242455
308.988	244	2489						1.00557839250565		245.361127771378			51.7241650199604
309.551	313	2654						1.00598060011864		314.871927837133			66.377619403414
310.114	366	2487						1.00585475802422		368.142841436863			77.6075707442143
310.678	363	2679						1.00326994538307		364.186990174055			76.7736444194929
311.241	392	2641						1.00046417528391		392.181956711292			82.6752160419121
311.805	500	2606						0.997351541817188		498.675770908594			105.124997183604
312.368	513	2597						0.996108904361725		511.003867937565			107.723862500619
312.932	561	2418						0.995853784799576		558.673973272562			117.773116908855
313.496	581	2699						0.995254009246826		578.242579372406			121.898341716519
314.059	632	2654						0.994180660367012		628.322177351952			132.455537200397
314.623	681	2768						0.989447316765785		673.8136227175			142.045511979437
315.187	778	2706						0.986438470602035		767.449130128384			161.784655180478
315.751	783	2404						0.986906285047531		772.747621192217			162.901621134424
316.315	882	2583						0.985378924906254		869.104211767316			183.214391282396
316.879	965	2628						0.982274426758289		947.894821821749			199.824106739346
317.443	1018	2376						0.98075237172842		998.405914419532			210.472264875058
318.007	1047	2721						0.979637931525707		1025.68091430742			216.222061543888
318.571	1130	2317						0.976565235078335		1103.51871563852			232.630917002819
319.135	1291	2411						0.974321204423904		1257.84867491126			265.16495511005
319.7	1325	2677						0.974711179733276		1291.49231314659			272.257313674596
320.264	1364	2420						0.977155789375305		1332.84049670792			280.973854429146
320.828	1353	2763						0.981935995101929		1328.55940137291			280.071363950783
321.393	1432	2431						0.984259328246117		1409.45935804844			297.125747207008
321.957	1362	2906						0.985501477122307		1342.25301184058			282.958090849956
322.522	1467	2710						0.986701553702354		1447.49117928135			305.143171219234
323.086	1504	2445						0.988157860517502		1486.18942221832			313.301082465547
323.651	1513	2467						0.99107553589344		1499.49728580678			316.106490716497
324.216	1481	2498						0.993060484886169		1470.72257811642			310.040543178287
324.78	1495	2657						0.99353754401207		1485.33862829804			313.121728035894
325.345	1549	2705						0.994200315773487		1540.01628913313			324.648233385897
325.91	1487	2651						0.994980973601341		1479.53670774519			311.898634961477
326.475	1470	2419						0.995839659869671		1463.88430000842			308.598977317699
327.04	1506	2848						0.996762142181397		1501.12378612518			316.449370502055
327.605	1486	2331						0.998327903151512		1483.51526408315			312.737347704749
328.17	1506	2594						0.999343595504761		1505.01145483017			317.268923376897
328.735	1525	2303						0.99908118724823		1523.59881055355			321.187292449674
329.3	1500	2522						0.999270677566528		1498.90601634979			315.981846200709
329.866	1471	2353						0.99986038684845		1470.79462905407			310.055732114786
330.431	1499	2499						0.999352493584156		1498.02938788265			315.797045633857
330.996	1463	2565						0.998503674268723		1460.81087545514			307.951073877517
331.562	1507	2522						0.999763111710548		1506.6430093478			317.612868629657
332.127	1524	2649						1.00061802130938		1524.94186447549			321.470419379029
332.693	1553	2687						1.00003273147345		1553.05083197826			327.396023352486
333.258	1534	2358						0.999414336562157		1533.10159228635			323.19055782003
333.824	1521	2283						0.998754152297974		1519.10506564522			320.239973673845
334.389	1583	2492						0.998585731387138		1580.76121278584			333.237601937798
334.955	1577	2642						0.998639371991157		1574.85428963006			331.992373441967
335.521	1565	2611						0.997746020257473		1561.47252170295			329.171385542182
336.087	1667	2341						0.996738858640194		1661.5636773532			350.271433047329
336.653	1638	2347						0.995555425465107		1630.71978691185			343.769284587476
337.218	1641	2593						0.994125264644623		1631.35955928183			343.90415392045
337.784	1618	2521						0.992295816421509		1605.53463097			338.460044391926
338.35	1615	2454						0.991335463523865		1601.00677359104			337.505534423768
338.917	1642	2387						0.990910717487335		1627.0753981142			343.00101713909
339.483	1639	2639						0.98988505834341		1622.42161062485			342.01996005701
340.049	1738	2286						0.988796777009964		1718.52879844332			362.280154031007
340.615	1760	2543						0.988138650655746		1739.12402515411			366.621798996078
341.181	1983	2420						0.987620471954346		1958.45139588547			412.857831655959
341.748	2172	2426						0.987399582386017		2144.63189294243			452.10622784953
342.314	2638	2406						0.986506490588188		2602.40412217164			548.608418482879
342.881	3612	2544						0.98507108014822		3558.07674149537			750.072149579752
343.447	5364	2419						0.983771817326546		5276.95202813959			1112.4253462033
344.014	8151	2456						0.982556296348572		8008.81637153721			1688.32505531169
344.58	12061	2416						0.983330340385437		11859.9472353888			2500.17544956374
345.147	17115	2449						0.983986047148705		16840.9211969501			3550.20615935076
345.714	23288	2101						0.984299740076065		22922.3723468914			4832.22660691527
346.28	30513	2398						0.984946365356445		30053.6684461212			6335.56309543377
346.847	38718	2229						0.985935366630554		38173.4455252018			8047.27959013048
347.414	47606	2336						0.985927395105362		46936.0595713859			9894.51146034493
347.981	56626	2538						0.985550977110863		55807.8096298797			11764.7501090234
348.548	63057	2478						0.987500189304352		62268.7994369645			13126.7804599979
349.115	62934	2601						0.989466479420662		62271.0834158599			13127.261941732
349.682	62941	2594						0.991182969808579		62386.0473027217			13151.4972845893
350.249	62795	2740						0.992434192240238		62319.9051017258			13137.5539588874
350.816	63130	2405						0.993091217041016		62693.8485317993			13216.384341927
351.384	63119	2416						0.993739856243134		62723.8659862103			13222.7122708029
351.951	63033	2502						0.994382788181305		62678.9302874322			13213.2394520235
352.518	63103	2432						0.996040526390076		62853.1453367929			13249.9654323935
353.086	60688	2596						0.997741638302803		60550.9445453205			12764.6423711213
353.653	51511	2610						0.999128044784069		51466.0847148722			10849.4784112818
354.221	42476	2381						1.00013590455055		42481.7726816893			8955.5107627952
354.788	33680	2892						1.00054483413696		33698.3500137329			7103.89226216311
355.356	25760	2693						1.00183970975876		25807.3909233856			5440.41250128107
355.923	19028	2612						1.00365853393078		19097.6145836349			4025.93588146509
356.491	13486	2553						1.00523326921463		13556.5758686285			2857.83886674958
357.059	9024	2562						1.00663014531136		9083.83043128967			1914.94695394115
357.627	5664	2328						1.00682718396187		5702.66916996002			1202.17005798936
358.195	3341	2330						1.00715135395527		3364.89267356455			709.347342436742
358.762	1919	2669						1.00771770453453		1933.81027500176			407.663278572338
359.33	1277	2186						1.00822899580002		1287.50842763662			271.417477497571
359.898	1049	2360						1.00869985723495		1058.12615023947			223.061786942545
360.466	872	2500						1.00792747545242		878.912758594513			185.282114475977
361.035	839	2520						1.00694804430008		844.829409167767			178.09706113768
361.603	797	2183						1.00698948335648		802.570618235111			169.188556780864
362.171	770	2485						1.00716028428078		775.513418896198			163.484674277976
362.739	750	2589						1.00763141655922		755.723562419414			159.312808051961
363.308	620	2385						1.00688281297684		624.267344045639			131.600744638229
363.876	639	2484						1.00510303258896		642.260837824345			135.393922677265
364.444	594	2902						1.00447392702103		596.65751265049			125.780362704761
365.013	579	2755						1.004150811553		581.403319889188			122.564652087523
365.581	587	2299						1.00319520795345		588.875587068677			124.139868113695
366.15	560	2583						1.00158222913742		560.886048316956			118.239440713575
366.719	563	2440						0.998137681722641		561.951514809847			118.464049905757
367.287	605	2528						0.995779790580273		602.446773301065			127.000786966557
367.856	635	2234						0.994477622509003		631.493290293217			133.124034164691
368.425	607	2434						0.993802699446678		603.238238564134			127.167634422168
368.994	595	2339						0.99334030175209		591.037479542494			124.595613015452
369.562	567	2756						0.990298313379288		561.499143686056			118.36868631304
370.131	577	2729						0.987527907848358		569.803602828503			120.119335321655
370.7	673	2281						0.985775721073151		663.42706028223			139.855938291576
371.269	641	2337						0.984593995511532		631.124751122892			133.046343044524
371.838	623	2362						0.984048472046852		613.062198085189			129.238606739715
372.408	650	2524						0.982729968547821		638.774479556084			134.658969377921
372.977	618	2119						0.981107778131962		606.324606885553			127.818266516255
373.546	614	2403						0.980528041481972		602.044217469931			126.915924851566
374.115	641	2515						0.979663261771202		627.964150795341			132.380062226574
374.685	578	2408						0.977496019005775		564.992698985338			119.10515680634
375.254	565	2464						0.97364751291275		550.110844795704			115.967938254652
375.823	544	2415						0.967709260225296		526.433837562561			110.976628341669
376.393	528	2282						0.964394857764244		509.200484899521			107.343694367625
376.963	559	2302						0.962266889691353		537.907191337466			113.395306676644
377.532	480	2513						0.958521593093872		460.090364685059			96.9908728543097
378.102	453	2561						0.95429851615429		432.297227817893			91.1318486038216
378.671	527	2403						0.948441964805126		499.828915452302			105.368089637622
379.241	471	2689						0.943709574460983		444.487209571123			93.7015980727834
379.811	470	2541						0.940525878190994		442.047162749767			93.1872159227232
380.381	423	2523						0.939956598103046		397.601640997589			83.8177305344346
380.951	450	2486						0.940684233129024		423.307904908061			89.2368246208901
381.521	427	2394						0.939129149258137		401.008146733224			84.5358502562173
382.091	430	2374						0.937774394989014		403.242989845276			85.0069737588333
382.661	395	2743						0.93860419178009		370.748655753136			78.1568980599571
383.231	442	2186						0.937647448182106		414.440172096491			87.3674328412519
383.801	447	2269						0.934068898558617		417.528797655702			88.0185407798262
384.371	406	2457						0.932353374302387		378.535469966769			79.7984232152419
384.941	481	2484						0.931637154757977		448.117471438587			94.4668874468741
385.512	482	2287						0.926070496559143		446.365979341507			94.0976583555206
386.082	613	2216						0.920365914821625		564.184305785656			118.934740800997
386.652	713	2459						0.917102174282074		653.893850263119			137.846258385564
387.223	912	2239						0.912918615043163		832.581776919365			175.515158465182
387.793	1107	2848						0.907318404018879		1004.4014732489			211.736178507563
388.364	1388	2519						0.899404264926911		1248.37311971855			263.167429320634
388.934	1726	2480						0.89019598031044		1536.47826201582			323.902387863735
389.505	2182	2363						0.884563174247742		1930.11684620857			406.884673085301
390.076	2688	2427						0.879530114650726		2364.17694818115			498.38815021282
390.646	3278	2309						0.87535333943367		2869.40824666357			604.895107094365
391.217	3977	2310						0.872629301667213		3470.44673273051			731.59901540718
391.788	4600	2313						0.872287121295929		4012.52075796127			845.872725300606
392.359	5339	2287						0.868538368582726		4637.12634986317			977.544775398236
392.93	6208	2510						0.862777935266495		5356.1254221344			1129.11575569634
393.501	7035	2495						0.858703207731247		6040.97706638932			1273.48817435688
394.072	7805	2661						0.855121397018433		6674.22250372887			1406.98157568167
394.643	8549	2546						0.853323435544968		7295.06205047393			1537.85971215927
395.214	9195	2510						0.848356268882752		7800.6358923769			1644.43888004087
395.785	9860	2368						0.838102157115936		8263.68726916313			1742.05395885615
396.356	10285	2551						0.834529288053513		8583.13372763038			1809.39592733699
396.928	10638	2374						0.834992248535156		8882.64753991699			1872.53592833546
397.499	10834	2333						0.824655086517333		8934.31320732879			1883.42748043806
398.07	10842	2213						0.813236365914345		8817.10867924333			1858.71979178809
398.642	10696	2416						0.805215138316155		8612.58111942959			1815.60368227627
399.213	10383	2378						0.800329155564308		8309.81762222421			1751.77862068761
399.785	10104	2569						0.80068980038166		8090.1697430563			1705.47502218544
400.356	9375	2491						0.800314058303833		7502.94429659844			1581.68301742742
400.928	8716	2282						0.799492532730103		6968.37691527557			1468.99177046024
401.499	7928	2345						0.798184989988804		6328.01060063124			1333.99722901539
402.071	7150	2180						0.796718373060226		5696.53636738062			1200.87721223367
402.643	6320	2318						0.794642602682114		5022.14124895096			1058.70911612508
403.215	5474	2578						0.7936623737216		4344.50783375204			915.858360142877
403.787	4720	2316						0.794501253068447		3750.04591448307			790.540846771318
404.358	3928	2954						0.793789621472359		3118.00563314342			657.301502347798
404.93	3280	2492						0.792153491377831		2598.26345171928			547.735530736901
405.502	2675	2389						0.791364559531212		2116.90019674599			446.260155803088
406.074	2196	2512						0.790548953771591		1736.04550248241			365.97282083016
406.646	1697	2512						0.788758821725845		1338.52372046876			282.171925233276
407.219	1385	2568						0.787281818270683		1090.3853183049			229.86228768844
407.791	1065	2440						0.786317712187767		837.428363479972			176.536859193905
408.363	854	2350						0.784434077084065		669.906701829791			141.221900584464
408.935	628	2545						0.782021016180515		491.109198161364			103.529900759944
409.508	518	2401						0.778879519701004		403.45959120512			85.0526351257413
410.08	458	2657						0.775861763954163		355.344687891006			74.9096136066294
410.652	389	2965						0.774140194654465		301.140535720587			63.4829278186417
411.225	356	2712						0.772592990100384		275.043104475737			57.9813724069651
411.797	316	2407						0.771322346150875		243.737861383677			51.3819669738744
412.37	235	2567						0.770030426383018		180.957150200009			38.1472712629865
412.943	268	2563						0.768728052437305		206.019118053198			43.4305423855872
413.515	231	2538						0.766408340036869		177.040326548517			37.321572283103
414.088	179	2429						0.764032154083252		136.761755580902			28.8305147532472
414.661	143	2543						0.76199011862278		108.964586963058			22.9706405762066
415.234	129	2675						0.760030833601952		98.0439775346518			20.6684853435337
415.806	111	2483						0.758194640755653		84.1596051238775			17.7415442412633
416.379	155	2844						0.756837356984615		117.309790332615			24.7298788065359
416.952	103	2758						0.755726857185364		77.8398662900925			16.4092907694487
417.525	87	2522						0.752464845776558		65.4644415825606			13.8004483844361
418.098	141	2787						0.749392850875855		105.664391973495			22.2749320432836
418.671	85	2491						0.748195293903351		63.5965999817848			13.4066918506803
419.244	85	2757						0.74601567029953		63.41133197546			13.3676358151171
419.818	50	2545						0.742505751848221		37.125287592411			7.82631918627562
420.391	43	3232						0.741248590350151		31.8736893850565			6.71923863621865
420.964	86	2614						0.741037180423737		63.7291975164413			13.4346445130523
421.537	135	2594						0.740013543248177		99.9018283385038			21.0601357342608
422.111	30	2603						0.738773695170879		22.1632108551264			4.67218905478337
422.684	76	2699						0.736870288610458		56.0021419343948			11.8057169739818
423.258	63	2768						0.735315931677818		46.3249036957026			9.76567472221167
423.831	132	2545						0.734195117533207		96.9137555143833			20.430225147974
424.405	54	2777						0.732777647674084		39.5699929744005			8.34168339963639
424.978	28	2698						0.731239888072014		20.4747168660164			4.31624048819007
425.552	36	2866						0.728483329772949		26.2253998718262			5.52853226183705
426.126	46	3125						0.726134539365768		33.4021888108254			7.04145901908651
426.699	45	2830						0.72540918815136		32.6434134668112			6.8815028701099
427.273	40	3142						0.724150881230831		28.9660352492332			6.1062809778139
427.847	33	3040						0.722306352198124		23.8361096225381			5.02485001902509
428.421	56	2872						0.719668766438961		40.3014509205818			8.49588081410498
428.995	21	2582						0.716742967665195		15.0516023209691			3.17300286861268
429.569	22	3020						0.71527103894949		15.7359628568888			3.31727175755438
430.143	65	2668						0.714514449477196		46.4434392160177			9.79066299508602
430.717	86	2593						0.715875376820564		61.5652824065685			12.978473222804
431.291	-1	2985						0.715804964065552		-0.715804964065552			-0.150897635740947
431.865	66	2977						0.714342560768127		47.1466090106964			9.93889703210472
432.439	131	3021						0.713464506387711		93.4638503367901			19.7029564631181
433.014	138	3169						0.712772611379623		98.362620370388			20.7356579016636
433.588	183	3083						0.71238908290863		130.367202172279			27.4824897472456
434.162	141	3047						0.712551695108414		100.469789010286			21.1798665644007
434.737	177	5730						0.714105960726738		126.396755048633			26.6454864937478
435.311	123	2970						0.713993026435375		87.8211422515512			18.5134267001464
435.886	128	2894						0.712469846129417		91.1961403045654			19.2249043405606
436.46	123	3006						0.711827408075333		87.5547711932659			18.4572734671529
437.035	79	3098						0.71134191930294		56.1960116249323			11.8465863160688
437.609	81	3285						0.70993432533741		57.5046803523302			12.122464560627
438.184	19	2812						0.709276632785797		13.4762560229301			2.84090677570886
438.759	21	3204						0.710217691779137		14.9145715273619			3.14411563840741
439.333	15	3012						0.71006587189436		10.6509880784154			2.2453168111736
439.908	33	3097						0.709122653722763		23.4010475728512			4.93313532299184
440.483	-25	3066						0.708255784094334		-17.7063946023583			-3.73265514647572
441.058	58	2997						0.707246872544289		41.0203186075687			8.64742409729316
441.633	63	3156						0.704842199146748		44.4050585462451			9.36095540817332
442.208	-14	2997						0.702878439903259		-9.84029815864563			-2.07441663814676
442.783	42	3194						0.701692639768124		29.4710908702612			6.21275090042792
443.358	62	3017						0.70155206155777		43.4962278165817			9.16936633673687
443.933	52	2886						0.702045039653778		36.5063420619965			7.69584032418235
444.508	25	3209						0.701767170906067		17.5441792726517			3.69845880674283
445.083	-4	3235						0.701216863453388		-2.80486745381355			-0.59128937153953
445.659	41	3196						0.699651552021503		28.6857136328816			6.04718685123187
446.234	39	3051						0.69806813454628		27.2246572473049			5.7391840217802
446.809	11	3165						0.696454371571541		7.66099808728695			1.61500207014722
447.385	91	2814						0.694799915254116		63.2267922881246			13.3287333152502
447.96	48	3067						0.693129568099976		33.2702192687988			7.01363874278036
448.536	38	3405						0.691274563312531		26.2684334058762			5.53760408848218
449.111	26	3111						0.689690198898315		17.9319451713562			3.78020308105344
449.687	67	3054						0.689279584884644		46.1817321872711			9.73549297828374
450.262	30	3124						0.688937146663666		20.66811439991			4.35701029573223
450.838	37	3210						0.688674848079681		25.4809693789482			5.37160012670525
451.414	20	3495						0.687960898756981		13.7592179751396			2.90055750703452
451.989	33	3210						0.687071762859821		22.6733681743741			4.77973445778419
452.565	18	3369						0.686080252826214		12.3494445508719			2.60336555205816
453.141	37	3412						0.685287397742271		25.355633716464			5.34517832734321
453.717	6	3277						0.685113470435142		4.11068082261085			0.866565682772809
454.293	11	3411						0.684645062446594		7.53109568691254			1.5876175644821
454.869	30	3389						0.683892224311829		20.5167667293549			4.32510494887356
455.445	36	3051						0.683668063879013		24.6120502996445			5.18842476288487
456.021	70	3468						0.68356369304657		47.8494585132599			10.0870635488835
456.597	36	3235						0.682512026786804		24.570432964325			5.17965148270268
457.173	-18	3070						0.681528850197792		-12.2675193035603			-2.58609502901429
457.749	56	3046						0.680705218911171		38.1194922590256			8.03590579319528
458.325	80	3082						0.680444446206093		54.4355556964874			11.4754675745618
458.902	13	3200						0.680618675470352		8.84804278111458			1.86524095756715
459.478	48	3286						0.678935615062714		32.5889095230103			6.87001298575453
460.054	71	3121						0.677083449959755		48.0729249471426			10.1341721304569
460.631	100	3168						0.677277248203754		67.7277248203754			14.2775673019393
461.207	33	3168						0.676951718151569		22.3394066990018			4.70933260310018
461.784	-10	3076						0.67569885635376		-6.7569885635376			-1.42442934898824
462.36	52	3168						0.675008275508881		35.1004303264618			7.39946244528682
462.937	31	3402						0.674653144955635		20.9142474936247			4.40889719758913
463.514	68	3100						0.673308752536774		45.7849951725006			9.6518575181442
464.09	-15	3157						0.671994864940643		-10.0799229741097			-2.12493154085575
464.667	75	3141						0.671485865116119		50.361439883709			10.6166100997668
465.244	59	2989						0.670956446170807		39.5864303240776			8.34514852956513
465.82	73	3077						0.670400125980377		48.9392091965675			10.3167920502398
466.397	32	2920						0.669309687912464		21.4179100131989			4.51507344283812
466.974	9	3215						0.667977518439293		6.01179766595364			1.26733691422441
467.551	22	2986						0.666641079485416		14.6661037486792			3.09173656555484
468.128	30	2982						0.665548030376434		19.966440911293			4.20909169246769
468.705	-6	3311						0.665309453904629		-3.99185672342777			-0.841516575074622
469.282	4	2624						0.664713242769241		2.65885297107697			0.560508304999077
469.859	46	2762						0.663742910265923		30.5321738722324			6.436436016291
470.436	36	2972						0.663591785669327		23.8893042840958			5.03606389580167
471.014	36	3120						0.663678258299828		23.8924172987938			5.03672014517341
471.591	-32	3103						0.662657541692257		-21.2050413341522			-4.47019895606592
472.168	12	2933						0.662041283607483		7.9444954032898			1.67476566061013
472.745	-4	3241						0.662409689426422		-2.64963875770569			-0.558565872237726
473.323	45	2924						0.662320432722569		29.8044194725156			6.28301934019864
473.9	-40	3104						0.661870139837265		-26.4748055934906			-5.58110906086576
474.478	67	2831						0.661255841493607		44.3041413800716			9.33968123078461
475.055	27	2895						0.66073067843914		17.8397283178568			3.76076300188789
475.633	-33	2663						0.661366032719612		-21.8250790797472			-4.60090806619702
476.21	67	2744						0.661437386870384		44.3163049203157			9.34224540616368
476.788	-15	2756						0.660523423433304		-9.90785135149956			-2.08865741265957
477.365	22	3146						0.660057076513767		14.5212556833029			3.06120138948845
477.943	5	2935						0.6598494374156		3.299247187078			0.695508728281814
478.521	-2	2766						0.659751512169838		-1.31950302433968			-0.278162204401328
479.099	3	2900						0.659570385694504		1.97871115708351			0.417128757702765
479.676	-26	2937						0.658929733753204		-17.1321730775833			-3.61160447648877
480.254	29	3108						0.658868513822556		19.1071869008541			4.02795380549393
480.832	33	2431						0.659547828197479		21.7650783305168			4.58825940957116
481.41	39	2861						0.659767905473709		25.7309483134747			5.42429776376945
481.988	9	2753						0.659799807548523		5.93819826793671			1.25182154941102
482.566	13	2770						0.660204427480698		8.58265755724907			1.80929554666298
483.144	53	2865						0.660669572353363		35.0154873347282			7.38155575663723
483.722	71	3078						0.661293316483498		46.9518254703283			9.89783504287813
484.301	1	3591						0.661531941831112		0.661531941831112			0.13945643157106
484.879	27	2698						0.661414083302021		17.8581802491546			3.76465282236619
485.457	-3	2781						0.661728213191032		-1.9851846395731			-0.418493421615042
486.035	69	3127						0.662157517671585		45.6888687193394			9.63159326287582
486.614	63	2840						0.662599949836731		41.7437968397141			8.79993932172065
487.192	77	2979						0.663110808849335		51.0595322813988			10.7637737793001
487.77	10	3060						0.663760770559311		6.63760770559311			1.39926287191572
488.349	45	3047						0.664159840285778		29.88719281286			6.30046864830265
488.927	54	3511						0.664392422258854		35.8771908019781			7.56321000946507
489.506	-29	2788						0.664994866013527		-19.2848511143923			-4.0654068983398
490.085	42	2583						0.665634444355965		27.9566466629505			5.89349347442909
490.663	29	2792						0.666179122328758		19.319194547534			4.07264677948687
491.242	42	2879						0.666259673595428		27.982906291008			5.89902922227695
491.821	56	2898						0.665692587375641		37.2787848930359			7.85867769301934
492.399	46	2916						0.665633232831955		30.6191287102699			6.45476681886265
492.978	32	2778						0.665801508903503		21.3056482849121			4.49140773746714
493.557	45	3197						0.665247158408165		29.9361221283674			6.31078335468098
494.136	24	2338						0.664981779098511		15.9595626983643			3.36440846255718
494.715	47	2557						0.665750651657581		31.2902806279063			6.59625122128859
495.294	-12	3037						0.666169592142105		-7.99403510570526			-1.68520904162183
495.873	69	2832						0.666249312758446		45.9712025803328			9.69111158735284
496.452	-2	2699						0.665701166391373		-1.33140233278275			-0.280670677520616
497.031	1	2948						0.665040848433971		0.665040848433971			0.140196138246744
497.61	2	3378						0.665516169667244		1.33103233933449			0.280592679826573
498.189	5	2770						0.66578339868784		3.3289169934392			0.701763370059328
498.768	-22	2656						0.665621231079102		-14.6436670837402			-3.08700673010641
499.347	31	2971						0.664803976774216		20.6089232800007			4.34453231569638
499.927	26	2852						0.663546571493149		17.2522108588219			3.63690943845161
500.506	53	3376						0.664843861222267		35.2367246447802			7.42819442038009
501.085	30	3032						0.666289691627026		19.9886907488108			4.21378214314294
501.665	-39	3052						0.666458915174007		-25.9918976917863			-5.47930806156293
502.244	17	2907						0.666143649101257		11.3244420347214			2.38728650248417
502.824	5	2908						0.665161910533905		3.32580955266953			0.701108295718008
503.403	35	3152						0.665274012506008		23.2845904377103			4.90858519098645
503.983	8	2872						0.665864099681377		5.32691279745102			1.12295749161631
504.562	-9	2692						0.666411565184593		-5.99770408666134			-1.26436587057272
505.142	22	2667						0.666673068761826		14.6668075127602			3.09188492487235
505.722	18	2592						0.6660534927845		11.988962870121			2.52737301766126
506.301	29	2661						0.665379439711571		19.2960037516356			4.06775796696432
506.881	-40	2904						0.664652832865715		-26.5861133146286			-5.60457365360069
507.461	6	2901						0.665056275606155		3.99033765363693			0.84119634253717
508.041	-64	2915						0.665653996527195		-42.6018557777405			-8.98082527749717
508.621	0	2761						0.664970914185047		0			0
509.201	29	2903						0.66414642560482		19.2602463425398			4.06022000793407
509.781	-16	2661						0.663055305361748		-10.608884885788			-2.23644110823276
510.361	5	3110						0.662551757395268		3.31275878697634			0.698357085840215
510.941	-1	2827						0.662404659092426		-0.662404659092426			-0.139640407623216
511.521	33	2934						0.663142941951752		21.8837170844078			4.6132694449413
512.101	-7	2647						0.663738879919052		-4.64617215943337			-0.979451707238652
512.681	12	2790						0.663184227705002		7.95821073246002			1.67765696599231
513.261	17	2745						0.662742237925529		11.266618044734			2.37509672479858
513.841	26	2847						0.662437946677208		17.2233866136074			3.63083304799159
514.422	22	3069						0.662368991971016		14.5721178233624			3.07192355134677
515.002	34	2590						0.662391664028168		22.5213165769577			4.74768071729257
515.582	-16	3032						0.663221775531769		-10.6115484085083			-2.23700260095972
516.163	7	3050						0.663414432942867		4.64390103060007			0.978972934404415
516.743	9	2702						0.661971210181713		5.95774089163542			1.25594129691258
517.324	-5	2619						0.660966988563538		-3.30483494281769			-0.696686673633615
517.904	-4	2537						0.660314086437225		-2.6412563457489			-0.556798790127955
518.485	-13	2673						0.660421964526176		-8.58548553884029			-1.8098917086868
519.065	10	2536						0.660607370734215		6.60607370734215			1.39261524299387
519.646	82	2685						0.660215009450912		54.1376307749748			11.4126625249443
520.227	51	2510						0.659663288831711		33.6428277304173			7.09218770337424
520.807	37	2890						0.658864429235458		24.377983881712			5.1390816165734
521.388	42	2642						0.659218949794769		27.6871958913803			5.83669101227853
521.969	-19	2912						0.660147872924805		-12.5428095855713			-2.64412850850008
522.55	-19	2630						0.660102596879005		-12.5419493407011			-2.64394716173164
523.131	38	2656						0.65989480650425		25.0760026471615			5.28622977381851
523.712	-6	2704						0.659317380905151		-3.95590428543091			-0.833937502331068
524.292	-31	2728						0.659010093212128		-20.429312889576			-4.30666895258743
524.873	-43	2725						0.658968190550804		-28.3356321936846			-5.9733867741947
525.454	-5	2848						0.658686207056046		-3.29343103528023			-0.694282635142686
526.036	-8	2841						0.658384908437729		-5.26707926750183			-1.11034408620475
526.617	-24	2629						0.658817614018917		-15.811622736454			-3.33322148900356
527.198	-19	3049						0.658953718781471		-12.520120656848			-2.63934549374924
527.779	-3	2607						0.65851609569788		-1.97554828709364			-0.416461998421135
528.36	-66	2689						0.658499279022217		-43.4609524154663			-9.16192998899502
528.941	35	5515						0.658740790724754		23.0559276753664			4.8603811801848
529.523	9	2710						0.658813291609287		5.92931962448359			1.24994985757746
530.104	-2	3026						0.659320736408234		-1.31864147281647			-0.277980582179566
530.685	-6	2842						0.661911152005195		-3.97146691203117			-0.837218233365065
531.267	8	2551						0.663103247821331		5.30482598257065			1.11830140746796
531.848	-17	2682						0.662641175746918		-11.2648999876976			-2.37473454409591
532.43	46	2604						0.663068848252296		30.5011670196056			6.42989951404802
533.011	-1	2649						0.663799700260162		-0.663799700260162			-0.139934493896071
533.593	19	2645						0.663995073795319		12.6159064021111			2.65953792496094
534.174	8	2610						0.664592742681503		5.31674194145203			1.12081339063803
534.756	-30	3040						0.666134847640991		-19.9840454292297			-4.21280287116631
535.338	-24	2656						0.66746583878994		-16.0191801309586			-3.37697631285027
535.919	-18	2859						0.668642403185368		-12.0355632573366			-2.53719676659911
536.501	77	3243						0.669217065036297		51.5297140077949			10.8628919950761
537.083	31	2385						0.669583362936974		20.7570842510462			4.3757658798126
537.665	56	2892						0.669283989071846		37.4799033880234			7.90107514333181
538.247	65	2764						0.670068062186241		43.5544240421057			9.18163458476735
538.828	80	2510						0.672317715644836		53.7854172515869			11.3384129868392
539.41	55	2478						0.67384658396244		37.0615621179342			7.81288532661026
539.992	2	2855						0.675071449756622		1.35014289951324			0.284621344747085
540.574	44	2988						0.67624537229538		29.7547963809967			6.27255838007086
541.156	95	2408						0.677284186840057		64.3419977498054			13.5638278954515
541.739	111	2513						0.677957145810127		75.2532431849241			15.8640091205119
542.321	47	2692						0.678902917206287		31.9084371086955			6.72656374516275
542.903	117	2618						0.680071446597576		79.5683592519164			16.7736714519361
543.485	104	2669						0.680877755582333		70.8112865805626			14.9276077495923
544.067	38	2745						0.681673428058624		25.9035902662277			5.46069212229998
544.649	81	2435						0.682944188594818		55.3184792761803			11.6615952034607
545.232	42	2596						0.684714272975921		28.7579994649887			6.06242530543393
545.814	30	2873						0.68723217022419		20.6169651067257			4.34622759960856
546.397	24	2590						0.688504322469235		16.5241037392616			3.48341840608468
546.979	36	2783						0.689189621508122		24.8108263742924			5.23032841152105
547.561	17	2487						0.689887259244919		11.7280834071636			2.47237745860555
548.144	73	2928						0.690239253044128		50.3874654722214			10.6220965101334
548.726	0	2586						0.689533660411835		0			0
549.309	-7	2800						0.688872734248638		-4.82210913974047			-1.01654068496375
549.892	23	2715						0.688252490282059		15.8298072764874			3.33705494118093
550.474	34	2538						0.6888325766325		23.420307605505			4.93719549795242
551.057	46	2648						0.689575073182583		31.7204533663988			6.68693520988521
551.64	64	2465						0.689281196594238		44.1139965820312			9.29959712699498
552.222	66	2705						0.689596811056137		45.513389529705			9.59460079122941
552.805	69	2611						0.690902211070061		47.6722525638342			10.0497070619213
553.388	-24	2616						0.691821258068085		-16.603710193634			-3.50020010830464
553.971	-39	2724						0.692546132802963		-27.0092991793156			-5.69378475112865
554.554	15	2751						0.692621947288513		10.3893292093277			2.19015694682769
555.137	-52	2703						0.693115511596203		-36.0420066030025			-7.5979545501652
555.72	-10	2571						0.695079658031464		-6.95079658031464			-1.4652856897339
556.303	16	2445						0.696432195544243		11.1429151287079			2.34901912196026
556.886	3	2596						0.697219549894333		2.091658649683			0.440939027890512
557.469	-17	2606						0.698564821720123		-11.8756019692421			-2.50347559757222
558.052	-12	2627						0.700007974147797		-8.40009568977356			-1.77080998766093
558.635	37	2578						0.701065818667412		25.9394352906942			5.46824855137859
559.218	28	2822						0.702218388080597		19.6621148662567			4.14493723280936
559.801	-18	2444						0.703529556512833		-12.663532017231			-2.66957780046207
560.384	35	2868						0.703915355682373		24.6370374488831			5.19369226162167
560.968	12	2655						0.703821440696716		8.4458572883606			1.7804569129844
561.551	-2	2900						0.705680678367615		-1.41136135673523			-0.297526704338388
562.134	-12	2656						0.70743664252758		-8.48923971033096			-1.78960228810287
562.718	1	2868						0.70846828019619		0.70846828019619			0.149351001803432
563.301	-58	2785						0.709212225675583		-41.1343090891838			-8.67145423823405
563.885	11	2751						0.709689110517502		7.80658021569252			1.64569199280124
564.468	-4	2732						0.711308007955551		-2.8452320318222			-0.599798560068473
565.052	28	2472						0.713211768388748		19.9699295148849			4.20982711909992
565.635	23	3212						0.715120246112347		16.447765660584			3.46732570462584
566.219	68	2842						0.7168026227355		48.742578346014			10.2753406326725
566.803	30	2586						0.718102708280086		21.5430812484026			4.54146057956283
567.386	-20	2980						0.719276488780975		-14.3855297756195			-3.03258924008132
567.97	-20	2733						0.720388848781586		-14.4077769756317			-3.03727913474848
568.554	1	2601						0.721410302042961		0.721410302042961			0.152079287574592
569.137	77	2380						0.722318250119686		55.6185052592158			11.7248431743099
569.721	-28	2969						0.722879338204861		-20.2406214697361			-4.26689123300203
570.305	-9	2621						0.723790216445923		-6.51411194801331			-1.37322893979965
570.889	9	2590						0.725021066665649		6.52518959999085			1.37556420090692
571.473	31	2698						0.726657416760921		22.5263799195886			4.74874811200244
572.057	2	4732						0.728311484634876		1.45662296926975			0.307068228446423
572.641	21	2782						0.729249555408955		15.314240663588			3.22836921411974
573.225	46	2555						0.730830350518227		33.6181961238384			7.08699515598517
573.809	18	2865						0.733436648011207		13.2018596642017			2.78306174268077
574.393	5	2365						0.734432947576046		3.67216473788023			0.774122847444597
574.977	5	2676						0.734646779954433		3.67323389977217			0.774348235657612
575.561	22	2693						0.736324503540993		16.1991390779018			3.41491315457031
576.145	-31	3110						0.737980328798294		-22.8773901927471			-4.82274399495857
576.73	79	2551						0.739390559196472		58.4118541765213			12.3137043426188
577.314	-13	2910						0.740475567817688		-9.62618238162994			-2.0292792527576
577.898	-1	2280						0.741282999992371		-0.741282999992371			-0.156268617471563
578.482	40	2883						0.742733454465866		29.7093381786346			6.26297541319325
579.067	37	2781						0.744299861967564		27.5390948927999			5.8054700908564
579.651	29	2775						0.745687318384647		21.6249322331548			4.55871544744195
580.236	3	3108						0.747206845521927		2.24162053656578			0.472552240033297
580.82	55	2900						0.748915241956711		41.1903383076191			8.68326566315946
581.405	17	2794						0.749670624434948		12.7444006153941			2.68662557308325
581.989	9	2715						0.750000580012798		6.75000522011519			1.42295720215368
582.574	67	2998						0.750780386567116		50.3022858999968			10.6041399483499
583.158	14	2800						0.751523814558983		10.5213334038258			2.21798452816285
583.743	10	3044						0.752150649487972		7.52150649487972			1.58559608310231
584.328	51	2448						0.752947318077087		38.4003132219315			8.09510518618121
584.912	-1	2770						0.753875468254089		-0.753875468254089			-0.158923214441726
585.497	17	2521						0.755189868986606		12.8382277727723			2.70640511769027
586.082	16	2933						0.75646237885952		12.1033980617523			2.55149690716972
586.667	31	2885						0.75706013327837		23.4688641316295			4.94743161723044
587.251	-2	2408						0.757666276216507		-1.51533255243301			-0.319444696533981
587.836	2	3069						0.758285963058472		1.51657192611694			0.319705966807439
588.421	-67	3031						0.759812154591084		-50.9074143576026			-10.7317060566564
589.006	-11	3026						0.761689985752106		-8.37858984327316			-1.76627637647572
589.591	-65	2918						0.763424216270447		-49.622574057579			-10.4608510426354
590.176	19	2821						0.764867379665375		14.5324802136421			3.06356761377513
590.761	16	2803						0.765634142756462		12.2501462841034			2.58243265211929
591.346	-6	2630						0.766174174308777		-4.59704504585266			-0.969095303382495
591.931	-22	3028						0.766557590723038		-16.8642669959068			-3.55512764780629
592.516	19	2868						0.766845048427582		14.5700559201241			3.07148888500691
593.102	-18	3046						0.767447996377945		-13.814063934803			-2.91211949117633
593.687	73	2774						0.769602952837944		56.1810155571699			11.8434250203467
594.272	-4	2888						0.771148304462433		-3.08459321784973			-0.650257887501127
594.857	15	2905						0.771992162287235		11.5798824343085			2.4411354617754
595.443	22	2949						0.773249800860882		17.0114956189394			3.5861646652123
596.028	-9	2817						0.774596749067307		-6.97137074160576			-1.46962289393342
596.613	22	2977						0.775119744956493		17.0526343890429			3.59483705986942
597.199	13	2848						0.775485665738583		10.0813136546016			2.1252247078619
597.784	7	3038						0.775544280052185		5.4288099603653			1.1444382604631
598.369	0	2810						0.776913435637951		0			0
598.955	26	2811						0.779053389132023		20.2553881174326			4.27000416506745
599.54	16	2807						0.780436848402023		12.4869895744324			2.63236118621154
600.126	-9	3036						0.781639853239059		-7.03475867915153			-1.48298559800832
600.712	-6	2533						0.782404853343964		-4.69442912006378			-0.989624675620731
601.297	-25	3077						0.783832819581032		-19.5958204895258			-4.13096182719776
601.883	51	2783						0.785908470034599		40.0813319717646			8.4494779102055
602.469	-16	2711						0.786889111697674		-12.5902257871628			-2.6541242378889
603.054	14	2697						0.787649792075157		11.0270970890522			2.3246037165949
603.64	48	2842						0.788947763442993		37.8694926452637			7.98320379677637
604.226	63	2818						0.790401455521584		49.7952916978598			10.4972613567259
604.812	-51	2623						0.792103198289871		-40.3972631127834			-8.51607882055113
605.397	40	2562						0.793837602615357		31.7535041046143			6.69390258019776
605.983	-21	2623						0.795591842651367		-16.7074286956787			-3.52206483057793
606.569	61	2584						0.796465309023857		48.5843838504553			10.2419919181966
607.155	89	3369						0.797322798669338		70.9617290815711			14.9593222791874
607.741	71	2562						0.798209034979343		56.6728414835334			11.9471060133686
608.327	112	2589						0.799633741378784		89.5589790344238			18.8797771377708
608.913	63	2726						0.801484942436218		50.4935513734818			10.6444602998376
609.499	110	2808						0.802583117365837		88.2841429102421			18.6110310871656
610.085	54	2587						0.803595109283924		43.3941359013319			9.14784451247909
610.671	50	2688						0.804872961938381		40.2436480969191			8.48369549845654
611.257	156	2910						0.806426683545112		125.802562633038			26.5202257939907
611.844	35	2764						0.808336814403534		28.2917885041237			5.96414416003438
612.43	7	2697						0.810097830891609		5.67068481624126			1.19542749039183
613.016	24	2915						0.811778687000275		19.4826884880066			4.10711266099621
613.602	73	2596						0.81248898935318		59.3116962227821			12.5033985248857
614.189	23	2433						0.813553467512131		18.711729752779			3.94458815189122
614.775	11	2492						0.815358144044876		8.96893958449364			1.89072700853685
615.361	35	2438						0.817701806843281		28.6195632395148			6.03324179851011
615.948	20	2427						0.820385975599289		16.4077195119858			3.4588836436632
616.534	14	2440						0.820974477887154		11.4936426904202			2.42295540699379
617.121	-13	2406						0.821498605966568		-10.6794818775654			-2.25132354085677
617.707	10	2773						0.822554698705673		8.22554698705673			1.73401367039034
618.294	30	2721						0.823353960394859		24.7006188118458			5.20709574138209
618.88	-12	2603						0.823894546031952		-9.88673455238342			-2.08420581589648
619.467	15	2541						0.825930173277855		12.3889525991678			2.61169417700474
620.053	34	2832						0.828323458373547		28.1629975847006			5.93699396379172
620.64	15	2539						0.830497713088989		12.4574656963348			2.62613730732487
621.227	-4	2666						0.831802865445614		-3.32721146178246			-0.701403829810792
621.813	65	2454						0.83172983032465		54.0624389711022			11.3968114677415
622.4	14	2418						0.832508707046509		11.6551218986511			2.45699656620143
622.987	-4	2588						0.833685910820961		-3.33474364328384			-0.70299167627399
623.574	50	2751						0.836452653646469		41.8226326823234			8.81655857257613
624.161	12	2613						0.83878073233366		10.0653687880039			2.12186339745951
624.747	18	2996						0.839851040899753		15.1173187361956			3.1868564351355
625.334	-24	2648						0.840948021054268		-20.1827525053024			-4.25469197432936
625.921	28	2532						0.842063821017742		23.5777869884968			4.97039346075563
626.508	31	2867						0.843821781396866		26.1584752233028			5.51442398969319
627.095	41	2786						0.845663240849972		34.6721928748488			7.30918643124929
627.682	40	2636						0.847419949650765		33.8967979860306			7.14572674409688
628.269	24	2312						0.849059612810612		20.3774307074547			4.29573175738454
628.856	-36	3132						0.850560909748077		-30.6201927509308			-6.45499112747759
629.443	-27	2863						0.852139176845551		-23.0077577748299			-4.8502265647941
630.03	-3	2449						0.853705486655235		-2.56111645996571			-0.53990463613306
630.618	36	2564						0.854586756825447		30.7651232457161			6.4855436803485
631.205	41	2572						0.855564634203911		35.0781500023603			7.39476556778635
631.792	0	2648						0.856725323677063		0			0
632.379	-2	2722						0.8575454890728		-1.7150909781456			-0.361555432939271
632.966	-13	2822						0.858178770542145		-11.1563240170479			-2.35184582706848
633.554	8	2656						0.857855093359947		6.86284074687958			1.4467438690128
634.141	27	2492						0.858073123812675		23.1679743429422			4.88400154897048
634.728	19	2609						0.8601885638237		16.3435827126503			3.44536307329897
635.316	57	2828						0.860985555410385		49.076176658392			10.3456659295789
635.903	-11	2897						0.860645157873631		-9.46709673660994			-1.9957426765686
636.491	-12	2672						0.862309566378593		-10.3477147965431			-2.18138428274015
637.078	-3	2777						0.86419602227211		-2.59258806681633			-0.546539112429166
637.666	-5	2578						0.86497036242485		-4.32485181212425			-0.911714707415381
638.253	30	2792						0.865735453605652		25.9720636081696			5.47512687188822
638.841	-27	2727						0.866491358757019		-23.3952666864395			-4.93191666408921
639.428	7	2421						0.867546316862106		6.07282421803474			1.28020181861702
640.016	14	3003						0.868741718769073		12.162384062767			2.56393164643778
640.604	7	2584						0.870898158311844		6.09628710818291			1.28514799086888
641.191	12	2765						0.872835604250431		10.4740272510052			2.2080119979696
641.779	-9	2674						0.874329154789448		-7.86896239310503			-1.65884267428081
642.367	-63	2479						0.875753690004349		-55.172482470274			-11.630817863343
642.954	24	2506						0.877134313583374		21.051223526001			4.43777288367178
643.542	-11	3069						0.878750019550324		-9.66625021505356			-2.03772588506166
644.13	36	2591						0.880741363167763		31.7066890740395			6.68403358265581
644.718	-1	2612						0.883986519217491		-0.883986519217491			-0.186351705385174
645.306	7	2838						0.88646485209465		6.20525396466255			1.30811910987805
645.894	-31	2532						0.888236504793167		-27.5353316485882			-5.80467676769888
646.481	-43	2847						0.890115007281303		-38.274945313096			-8.06867658902032
647.069	-73	2779						0.891890983700752		-65.1080418101549			-13.7253163502445
647.657	58	2489						0.892689296364784		51.7759791891575			10.914806742107
648.245	-5	2536						0.89406047552824		-4.4703023776412			-0.942376895519013
648.833	-38	2652						0.89623366779089		-34.0568793760538			-7.17947323160855
649.422	-27	2639						0.898997882246971		-24.2729428206682			-5.11693808787084
650.01	-22	2871						0.901971297860146		-19.8433685529232			-4.1831470164241
650.598	13	2494						0.903896423697471		11.7506535080671			2.47713542346434
651.186	7	2792						0.906139464974404		6.34297625482083			1.33715211330356
651.774	-21	2665						0.909069613814354		-19.0904618901014			-4.02442803421961
652.362	62	2819						0.911656927585602		56.5227295103073			11.9154611617773
652.95	43	2779						0.914030206203461		39.3032988667488			8.28546206515149
653.539	30	2445						0.916472995638847		27.4941898691654			5.79600373865224
654.127	-7	3361						0.918373683035374		-6.42861578124762			-1.35520563725564
654.715	49	2631						0.9182996276021		44.9966817525029			9.48567449724855
655.304	13	2726						0.919495409488678		11.9534403233528			2.51988456956169
655.892	-15	2663						0.921877730369568		-13.8281659555435			-2.91509231435546
656.48	-4	2446						0.92356748342514		-3.69426993370056			-0.778782806447862
657.069	22	2398						0.925071144461632		20.3515651781559			4.29027908883052
657.657	-17	2794						0.926324934840202		-15.7475238922834			-3.31970891990355
658.246	27	2892						0.927458306312561		25.0413742704391			5.27892982419638
658.834	18	3010						0.928419169425964		16.7115450496674			3.52293259221125
659.423	-16	2545						0.930742752552032		-14.8918840408325			-3.13933292768306
660.011	16	2821						0.933588369429111		14.9374139108658			3.14893100270141
660.6	5	2553						0.936057770252228		4.68028885126114			0.986643789432207
661.188	17	2485						0.938519919395447		15.9548386297226			3.36341258962406
661.777	-17	2525						0.940979735970497		-15.9966555114985			-3.37222793585776
662.366	-41	2647						0.942911404132843		-38.6593675694466			-8.14971599573249
662.954	8	2702						0.944518543720245		7.55614834976196			1.59289887403257
663.543	3	2666						0.946173080682755		2.83851924204826			0.598383448191684
664.132	34	2983						0.947516492128372		32.2155607323647			6.79130795764857
664.721	18	2798						0.947769649684429		17.0598536943197			3.59635894942406
665.309	22	2967						0.948844273328781		20.8745740132332			4.40053369818185
665.898	33	2532						0.950664086818695		31.3719148650169			6.6134603969634
666.487	-21	2664						0.951566632509232		-19.9828992826939			-4.21256125395051
667.076	-8	2667						0.952518008708954		-7.62014406967163			-1.60638970368128
667.665	32	2484						0.9550957852602		30.5630651283264			6.4429481498241
668.254	-11	2774						0.957595244765282		-10.5335476924181			-2.22055940171552
668.843	45	2809						0.959991412103176		43.1996135446429			9.10683758294285
669.432	47	2468						0.961331758975983		45.1825926718712			9.52486606422479
670.021	60	2547						0.96227634948492		57.7365809690952			12.1713511380516
670.61	80	2529						0.962895182967186		77.0316146373749			16.2389046033818
671.199	65	2797						0.963877056002617		62.6520086401701			13.207564145025
671.788	66	2814						0.965570413589478		63.7276472969055			13.4343177138897
672.377	63	2200						0.967267591238022		60.9378582479954			12.8462069954259
672.966	92	2550						0.968966917037964		89.1449563674927			18.7924977184884
673.555	48	2495						0.969687421619892		46.5449962377548			9.81207205934562
674.144	87	2738						0.970355120658875		84.4208954973221			17.7966264236649
674.734	48	3052						0.971046111941338		46.6102133731842			9.82582037353751
675.323	97	2605						0.972548610150814		94.337215184629			19.8870690318961
675.912	20	2376						0.97472037267685		19.494407453537			4.10958311633062
676.501	97	2666						0.977077577769756		94.7765250436664			19.9796792014455
677.091	78	3057						0.979097681522369		76.3696191587448			16.0993504544009
677.68	20	2529						0.979068472385407		19.5813694477081			4.12791542747472
678.269	18	2699						0.979731163322926		17.6351609398127			3.71763849836216
678.859	52	2697						0.981219454944134		51.023411657095			10.7561592514852
679.448	42	2924						0.982582924842834		41.268482843399			8.69973918078959
680.038	80	2519						0.983922166228294		78.7137732982636			16.5935176301308
680.627	25	2458						0.98543335288763		24.6358338221908			5.19343852711116
681.216	71	2271						0.986966400623322		70.0746144442558			14.7723111405082
681.806	56	2807						0.988539866089821		55.35823250103			11.6699755136626
682.395	55	2577						0.991007708311081		54.5054239571095			11.4901963846015
682.985	36	2718						0.993921061754227		35.7811582231522			7.54296554368679
683.575	69	2741						0.993449474871159		68.5480137661099			14.4504910294205
684.164	10	2218						0.993580973386764		9.93580973386764			2.09455127203507
684.754	104	2622						0.995504980921745		103.532518015862			21.8255152942329
685.343	101	2727						0.997730267107487		100.770756977856			21.2433131134189
685.933	73	2480						1.00017811840773		73.013002643764			15.3917477949798
686.523	122	2771						1.00148873913288		122.181626174212			25.7569022935476
687.113	160	2584						1.00298888969421		160.478222351074			33.8301430645982
687.702	187	2337						1.00589913082123		188.10313746357			39.6537047710495
688.292	226	2543						1.00857921218872		227.938901954651			48.0514150153261
688.882	293	2717						1.01101936197281		296.228673058033			62.4474663450947
689.472	361	2518						1.01208767127991		365.363649332046			77.0216939496406
690.062	459	2393						1.01280647206306		464.878170676947			98.0001821506002
690.651	467	2486						1.01346838200092		473.289734394431			99.7734096938175
691.241	596	2511						1.01484267044067		604.846231582642			127.506612715086
691.831	677	2847						1.01724695014954		688.676185251236			145.178663689722
692.421	783	2468						1.01912572062016		797.975439245582			168.219854857664
693.011	854	2567						1.02082267820835		871.782567189932			183.779010866272
693.601	965	2673						1.02405344665051		988.211576017737			208.323213611098
694.191	1071	2771						1.02673245453835		1099.63045881057			231.811240146768
694.781	1190	2659						1.02825883173943		1223.62800976992			257.950954477835
695.371	1218	2528						1.02995698523521		1254.48760801649			264.45641427358
695.961	1384	2259						1.03175653767586		1427.95104814339			301.023949170199
696.551	1450	2851						1.03084418165684		1494.72406340241			315.100255761667
697.141	1559	2702						1.03008663523197		1605.90506432664			338.538134822313
697.732	1584	3102						1.0304338965416		1632.20729212189			344.082863048951
698.322	1655	2677						1.03276632332802		1709.22826510787			360.319524303773
698.912	1719	2547						1.03675148868561		1782.17580905056			375.697472860515
699.502	1756	2623						1.03881640982628		1824.16161565495			384.54842985206
700.092	1746	2557						1.04066392850876		1816.99921917629			383.038537145072
700.683	1740	2396						1.04316098320484		1815.10011077642			382.638189310198
701.273	1714	2655						1.04532202529907		1791.68195136261			377.701446668909
701.863	1666	2762						1.04709780502319		1744.46494316864			367.747708903857
702.454	1681	2506						1.04959304857254		1764.36591465044			371.942999096447
703.044	1560	2407						1.05229097557068		1641.57392189026			346.057426453597
703.634	1473	2564						1.05487812232971		1553.83547419167			327.561432452519
704.225	1372	2447						1.05789872705936		1451.43705352545			305.974994305488
704.815	1315	2749						1.06161099851131		1396.01846304238			294.292294827554
705.406	1202	2669						1.06408449840546		1279.02956708336			269.630063222042
705.996	1128	2395						1.06598744106293		1202.43383351898			253.483045971615
706.587	1050	2581						1.06782398307323		1121.2151822269			236.361479241432
707.177	941	2462						1.0694412381649		1006.34420511317			212.145722531304
707.768	830	2583						1.07055706787109		888.562366333008			187.316331988658
708.358	647	3587						1.07294542789459		694.195691847801			146.342221554909
708.949	612	2306						1.07616511583328		658.613050889969			138.841105100701
709.539	556	2611						1.07709519731998		598.864929709911			126.245704567534
710.13	459	2588						1.07828387975693		494.93230080843			104.335842573145
710.721	372	2498						1.08115172696114		402.188442429543			84.7846663988689
711.311	302	2679						1.08419764518738		327.427688846588			69.0244781797127
711.902	228	2277						1.08741310596466		247.930188159943			52.265744302267
712.493	152	2715						1.0885302362442		165.456595909119			34.8796255877109
713.083	141	2633						1.08958009231091		153.630793015838			32.3866480492496
713.674	151	2713						1.09277956032753		165.009713609457			34.7854190847406
714.265	48	2611						1.09525747060776		52.5723585891724			11.0826901386296
714.856	71	2887						1.09684772872925		77.8761887397766			16.4169478437312
715.446	109	2558						1.09954681253433		119.850602566242			25.2655031430009
716.037	54	2735						1.10247505640984		59.5336530461311			12.5501888680118
716.628	107	2830						1.1033834733963		118.062031653404			24.88845752911
717.219	52	2403						1.10465326118469		57.441969581604			12.1092446089459
717.81	18	2915						1.10653688430786		19.9176639175415			4.19880909678149
718.401	54	2497						1.10928215515614		59.9012363784313			12.6276784895797
718.992	16	2407						1.1124356880188		17.7989710083008			3.75217102228463
719.583	69	2545						1.11391540658474		76.860163054347			16.2027611846829
720.174	-4	2687						1.11524498510361		-4.46097994041443			-0.940411648269436
720.765	16	2803						1.11626978993416		17.8603166389465			3.76510319109065
721.356	35	2803						1.11616602754593		39.0658109641075			8.23539764142619
721.947	57	2658						1.115317283988		63.5730851873159			13.4017347365662
722.538	42	3223						1.11794348120689		46.9536262106895			9.89821465391289
723.129	16	2655						1.12131263291836		17.9410021266937			3.78211236251425
723.72	-13	2971						1.12611659049988		-14.6395156764984			-3.08613157895598
724.311	34	2747						1.12913847076893		38.3907080061436			8.09308032686067
724.902	3	2580						1.13055590844154		3.39166772532463			0.71499174588498
725.494	21	2994						1.13159284567833		23.7634497592449			5.00953271594029
726.085	36	2847						1.13279496133328		40.7806186079979			8.59689334514957
726.676	39	3034						1.1354422211647		44.2822466254234			9.33506563452948
727.267	45	2606						1.13672087097168		51.1524391937256			10.7833593286018
727.858	-19	2697						1.13633873558044		-21.5904359760284			-4.55144334972876
728.45	10	2808						1.13849557638168		11.3849557638168			2.40004329952915
729.041	-11	2622						1.14148244857788		-12.5563069343567			-2.64697386180543
729.632	58	2661						1.14492053985596		66.4053913116455			13.9988084079033
730.224	-3	2965						1.14798096847534		-3.44394290542603			-0.726011788328427
730.815	31	2702						1.15040728867054		35.6626259487867			7.51797795508563
731.406	21	2724						1.15192816090584		24.1904913790226			5.09955663868796
731.998	-15	2961						1.15303832745552		-17.2955749118328			-3.64605094124076
732.589	9	2770						1.15194399702549		10.3674959732294			2.18555431919419
733.181	67	2482						1.15272074830532		77.2322901364565			16.2812086664754
733.772	-27	2705						1.15775889062882		-31.259490046978			-6.58976031091716
734.364	34	3188						1.16066823244095		39.4627199029922			8.31906934459794
734.955	-29	2822						1.16223615705967		-33.7048485547304			-7.10526220861713
735.547	37	2445						1.16524279904366		43.1139835646153			9.08878607145105
736.138	31	3328						1.16895111322403		36.2374845099449			7.63916291763678
736.73	-2	3143						1.17460180521011		-2.34920361042023			-0.49523164616395
737.321	-29	2537						1.17735714626312		-34.1433572416306			-7.19770348442119
737.913	51	2528						1.17768572902679		60.0619721803665			12.6615629325614
738.504	5	2731						1.1790224647522		5.89511232376099			1.24273867427579
739.096	-39	2721						1.18068053245544		-46.0465407657623			-9.70699350300451
739.688	-52	2951						1.18308597564697		-61.5204707336426			-12.9690265497051
740.279	-38	2554						1.18492776632309		-45.0272551202774			-9.49211961728182
740.871	5	2633						1.18614583730698		5.93072918653488			1.25024700497326
741.463	-13	2586						1.18987903916836		-15.4684275091886			-3.26087308267541
742.054	17	2895						1.1940269305706		20.2984578197002			4.27908361627346
742.646	-44	2779						1.19540682291985		-52.5979002084732			-11.0880745242639
743.238	15	2517						1.19739557433128		17.9609336149693			3.7863140859006
743.83	18	2578						1.20028993964195		21.6052189135551			4.55455971582577
744.422	-18	2725						1.20271726107597		-21.6489106993675			-4.56377030741337
745.013	14	2451						1.20501488041878		16.8702083258629			3.55638012954158
745.605	67	2851						1.21008772969246		81.0758778893948			17.0914689102534
746.197	11	2870						1.21464683794975		13.3611152174473			2.81663413693587
746.789	3	2965						1.21817585635185		3.65452756905556			0.770404785667418
747.381	8	2686						1.2211255133152		9.7690041065216			2.05938725940816
747.973	-12	2395						1.22375431656837		-14.6850517988205			-3.09573097200878
748.565	10	2979						1.2222905343771		12.222905343771			2.57669003548783
749.157	2	3017						1.22149201321602		2.44298402643204			0.515001337302455
749.749	-17	2614						1.22307861065865		-20.792336381197			-4.38319732184168
750.341	-17	2929						1.22721065282822		-20.8625810980797			-4.39800549199
750.933	-35	2890						1.23321632146835		-43.1625712513924			-9.09902875965364
751.525	13	2742						1.24119422733784		16.1355249553919			3.40150276882505
752.117	0	2719						1.24718200683594		0			0
752.709	-34	2689						1.24406837463379		-42.2983247375488			-8.91683841146767
753.301	14	2610						1.24357158052921		17.410002127409			3.67017314933051
753.893	5	2421						1.24560468637943		6.22802343189716			1.31291910281645
754.485	26	2301						1.24989159524441		32.4971814763546			6.85067595113429
755.077	64	2807						1.25477329051495		80.3054905929565			16.9290648651946
755.669	40	2719						1.2603074682951		50.4122987318039			10.6273315676516
756.261	65	2596						1.26467532074451		82.2038958483934			17.3292644713787
756.854	1	2675						1.26756891989708		1.26756891989708			0.267214063541559
757.446	-88	2491						1.27166549515724		-111.906563573837			-23.5908336975987
758.038	28	2626						1.27630014705658		35.7364041175842			7.53353100626539
758.63	17	2622						1.28301492214203		21.8112536764145			4.59799355626652
759.222	-14	2873						1.28968245816231		-18.0555544142723			-3.80626093682163
759.815	6	2822						1.2962823921442		7.77769435286522			1.63960261283631
760.407	4	2450						1.29449079656601		5.17796318626404			1.09155767560359
760.999	1	2696						1.28888992834091		1.28888992834091			0.27170870932819
761.592	39	2612						1.28982944774628		50.3033484621048			10.6043639452736
762.184	12	2759						1.29258376979828		15.5110052375793			3.26984882169919
762.776	37	2744						1.29934124088287		48.0756259126663			10.134741516438
763.369	9	2648						1.3090354757309		11.7813192815781			2.48360002339487
763.961	34	2713						1.32048618984222		44.8965304546356			9.46456177126419
764.553	10	2497						1.31603653752804		13.1603653752804			2.77431440170199
765.146	-52	2410						1.31242936968803		-68.2463272237778			-14.3868929988701
765.738	-49	2816						1.31485951304436		-64.4281161391735			-13.5819823676916
766.331	23	2364						1.31729719424248		30.297835467577			6.38703553291775
766.923	-24	2562						1.31973347735405		-31.6736034564972			-6.67705885949127
767.516	-7	2494						1.32693471956253		-9.28854303693771			-1.95810207265283
768.108	19	2089						1.33321734476089		25.331129550457			5.34001264548588
768.701	15	2632						1.33225757157803		19.9838635736704			4.21276453450293
769.293	-29	2644						1.33153926968575		-38.6146388208866			-8.14028680377912
769.886	-41	2701						1.33106493234634		-54.5736622262001			-11.5045815788789
770.478	-37	2804						1.33240934991837		-49.2991459469795			-10.3926697087922
771.071	2	2595						1.33440042316914		2.66880084633827			0.562605399784577
771.663	-2	2409						1.33793007671833		-2.67586015343666			-0.564093560393392
772.256	47	2704						1.33706878089905		62.8422327022553			13.247664958334
772.849	38	2466						1.33041936314106		50.5559357993603			10.6576114553125
773.441	39	2480						1.33417345249653		52.0327646473646			10.9689392509346
774.034	21	2658						1.34196197009087		28.1812013719082			5.94083147343339
774.627	52	2535						1.35737454044819		70.5834761033058			14.8795834075707
775.219	41	2221						1.36762274670601		56.0725326149464			11.8205559144847
775.812	20	2381						1.36912182235718		27.3824364471436			5.77244518846661
776.405	35	2664						1.37458244562149		48.1103855967522			10.1420691467437
776.998	5	2433						1.38188200950623		6.90941004753113			1.45656106464458
777.59	-11	2646						1.38443223357201		-15.2287545692921			-3.21034803493606
778.183	38	2571						1.38787935328484		52.7394154248238			11.1179071080551
778.776	-5	2863						1.39336229705811		-6.96681148529053			-1.46866176480853
779.369	11	2652						1.39959519612789		15.3955471574068			3.24550929878464
779.961	62	2750						1.40627207410336		87.188868594408			18.3801381581638
780.554	14	2644						1.39723584127426		19.5613017778397			4.12368499587673
781.147	84	2467						1.38946572518349		116.715120915413			24.6045175508754
781.74	50	2575						1.38889553070068		69.4447765350342			14.6395360744319
782.333	69	2561						1.39158026659489		96.0190383950472			20.2416113428979
782.926	47	2697						1.39680638957024		65.6499003098011			13.8395446255534
783.519	45	2616						1.40450692617893		63.202811678052			13.3236780033353
784.112	112	3206						1.41168313312531		158.108510910034			33.3305881972915
784.705	12	2539						1.41509235322475		16.9811082386971			3.57975875289662
785.297	98	2407						1.4123640755415		138.411679403067			29.1783324080776
785.89	50	2458						1.40353044390678		70.1765221953392			14.7937941414291
786.483	98	2153						1.41065423357487		138.244114890337			29.1430084161045
787.076	73	2612						1.42014317035675		103.670451436043			21.8545928056221
787.669	112	2783						1.42099923968315		159.151914844513			33.55054641879
788.262	85	2678						1.42117843103409		120.800166637898			25.4656791414789
788.855	60	2545						1.42050248265266		85.2301489591598			17.9672237794207
789.449	104	2679						1.42097248804569		147.781138756752			31.1534923128259
790.042	86	2652						1.42280770683289		122.361462787628			25.7948133463435
790.635	104	2651						1.43771193742752		149.522041492462			31.5204890787907
791.228	63	2776						1.44458706188202		91.0089848985672			19.1854504254594
791.821	53	2482						1.43860857343674		76.2462543921471			16.0733441362725
792.414	73	2586						1.44458877396584		105.454980499506			22.2307863640715
793.007	109	2580						1.45565839540958		158.666765099645			33.4482728203154
793.6	124	2490						1.45993683338165		181.032167339325			38.163085499449
794.193	78	2897						1.46082066857815		113.944012149096			24.0203447912408
794.787	97	2353						1.45465868389606		141.101892337918			29.7454516540845
795.38	14	2697						1.45506499528885		20.3709099340439			4.29435712415302
795.973	22	2521						1.45914719474316		32.1012382843494			6.76720783543143
796.566	115	2605						1.44326274204254		165.975215334892			34.988954873099
797.159	99	2771						1.42992397999763		141.562474019766			29.8425461006802
797.753	61	2663						1.42612727236748		86.9937636144161			18.3390084067929
798.346	108	2654						1.43942159247398		155.45753198719			32.771739807104
798.939	141	2658						1.46491217005253		206.552615977406			43.5430081821061
799.532	177	2531						1.47334224700928		260.781577720642			54.9749240342448
800.126	78	2238						1		78			16.4430482864268
800.719	125	2571						1		125			26.3510389205558
801.312	51	2733						1		51			10.7512238795868
801.906	77	2469						1		77			16.2322399750624
802.499	65	2703						1		65			13.702540238689
803.092	120	2952						1		120			25.2969973637336
803.686	45	2483						1		45			9.4863740114001
804.279	97	2679						1		97			20.4484062023513
804.873	50	2515						1		50			10.5404155682223
805.466	37	2443						1		37			7.79990752048453
806.059	80	2592						1		80			16.8646649091557
806.653	-9	2802						1		-9			-1.89727480228002
807.246	82	2374						1		82			17.2862815318846
807.84	31	2475						1		31			6.53505765229785
808.433	-7	2655						1		-7			-1.47565817955113
809.027	36	2764						1		36			7.58909920912008
809.62	-34	2913						1		-34			-7.16748258639119
810.214	11	2853						1		11			2.31889142500891
810.807	18	2618						1		18			3.79454960456004
811.401	13	2519						1		13			2.74050804773781
811.994	16	2785						1		16			3.37293298183115
812.588	45	2526						1		45			9.4863740114001
813.181	51	2886						1		51			10.7512238795868
813.775	-3	2772						1		-3			-0.63242493409334
814.369	70	2486						1		70			14.7565817955113
814.962	11	2803						1		11			2.31889142500891
815.556	18	2724						1		18			3.79454960456004
816.149	15	2412						1		15			3.1621246704667
816.743	30	2641						1		30			6.3242493409334
817.337	25	2644						1		25			5.27020778411117
817.93	9	3099						1		9			1.89727480228002
818.524	31	2613						1		31			6.53505765229785
819.118	6	2396						1		6			1.26484986818668
819.711	27	2931						1		27			5.69182440684006
820.305	26	2537						1		26			5.48101609547561
820.899	-30	3131						1		-30			-6.3242493409334
821.493	22	2614						1		22			4.63778285001783
822.086	4	2724						1		4			0.843233245457787
822.68	-11	2495						1		-11			-2.31889142500891
823.274	-11	2518						1		-11			-2.31889142500891
823.868	-20	2611						1		-20			-4.21616622728893
824.461	59	2981						1		59			12.4376903705024
825.055	-8	2292						1		-8			-1.68646649091557
825.649	34	2438						1		34			7.16748258639119
