Wavelength	I1	I1 dark	R1	R1dark	XCorrect	I1c	R1c	I1c/R1c	Abs	Percent T
nm	uA	uA	uA	uA		uA	uA	uA/uA	OD	T*100
	Abs Detector Raw	Dark Offset for Abs Detector	Ref Detector Raw	Dark Offset for Ref Detector	Linear interp	Dark subtracted Abs Detector	Corrected Ref Detector	Corrected Intensity 	-Log(T)	% Transmittance
450	3.20004956240855	0.00285882129480535	5.25600078791733	5.1158904824876E-8	1.0119651556015	3.19719074111374	5.31888960341534	0.601101165750982	0.00706540672866859	98.3862920362055
448	2.90032884746034		4.7885770951236		1.00756251811981	2.89747002616553	4.8247907446278	0.600537967245884	0.00728926573994466	98.335591454924
446	2.63235359625247		4.36851613488802		1.00348556041718	2.62949477495766	4.38374281047236	0.599828705433184	0.00752164194348989	98.2829894991056
444	2.46352214835938		4.1058553319011		1.00001692771912	2.46066332706457	4.10592478350712	0.599295763270843	0.00781361307710732	98.216937192915
442	2.41757320485808		4.03844668959233		0.997353196144104	2.41471438356328	4.02775766229899	0.599518289336452	0.00808406874941259	98.1557919113504
440	2.419898676854		4.04557266287115		0.99558562040329	2.41703985555919	4.02771391851809	0.600102168241505	0.00835775266910784	98.0939555300704
438	2.44922994464044		4.09258799959735		0.994712889194489	2.44637112334564	4.07094998247375	0.600933721582863	0.00863850977709985	98.0305615052947
436	2.48662647281133		4.14944202118006		0.994661867618561	2.48376765151652	4.12729169947609	0.601791158069057	0.00894500670921138	97.9614022877235
434	2.54871316689918		4.24405717867961		0.995339572429657	2.54585434560437	4.22427800667349	0.602672064097686	0.00924262068445032	97.8942941473521
432	2.63422665614082		4.37532892294673		0.996668756008148	2.63136783484601	4.36075358377131	0.603420437384661	0.00952103490103321	97.8315569265306
430	2.74363346071667		4.54452544082535		0.99854189157486	2.74077463942186	4.53789897890751	0.603974361739032	0.0097947168765381	97.7699252451352
428	2.84099606286669		4.69647725336922		1.00089848041534	2.83813724157188	4.70069689499761	0.603769463330464	0.0102135939773492	97.6756715969353
426	2.90246664042054		4.79361175493421		1.00344467163086	2.89960781912574	4.81012412202066	0.602813512826288	0.0106604852171755	97.5752145263145
424	2.9157125339223		4.81791741564439		1.00566327571869	2.9128537126275	4.84520255891042	0.601183062464686	0.0109505915641788	97.510056579796
422	3.04872121177624		5.0556762623506		1.00706160068512	3.04586239048144	5.09137737778839	0.598239369128146	0.0114174468344116	97.4052921252367
420	2.94779706667171		4.91178911937086		1.00703954696655	2.9449382453769	4.94636583804743	0.595374127551271	0.0118693844791639	97.3039824762536
418	2.80345247089431		4.70078166904212		1.00569581985474	2.80059364959951	4.72755642315514	0.592397720708833	0.0123083755140961	97.2056759209877
416	2.64579316488366		4.47015046065378		1.00317752361298	2.64293434358886	4.4843544179746	0.58936785482325	0.0128178494088659	97.0917101226829
414	2.51970691213227		4.28805394119911		1	2.51684809083746	4.28805389004021	0.586944137218822	0.0132578801188506	96.9933858302706
412	2.42950636236248		4.16293752080062		0.996665716171265	2.42664754106768	4.14905705455665	0.58486723830482	0.013769221527149	96.8792523327163
410	2.34739381874528		4.04664805511945		0.993634045124054	2.34453499745047	4.0208872253685	0.583088971672316	0.0142489009323093	96.772308013018
408	2.28285852928961		3.95503074428762		0.991304457187653	2.2799997079948	3.92063955441247	0.58153769974309	0.0146897347376652	96.6741284080134
406	2.23827395427244		3.89306399974356		0.989896655082703	2.23541513297764	3.85373098072701	0.58006517428363	0.0152060169022049	96.5592720712775
404	2.22230631598989		3.87736156979329		0.989499270915985	2.21944749469509	3.83664639576642	0.578486330443212	0.0157910470344024	96.4292864169389
402	2.24344408771533		3.92198239155509		0.990296423435211	2.24058526642052	3.88392508447041	0.576886839393309	0.0163899347660625	96.2964030422797
400	2.29509303770426		4.01574306989138		0.992328882217407	2.29223421640946	3.98493778105116	0.575224593796495	0.0170296069522093	96.1546725079332
398	2.35156612341611		4.1139086049809		0.995916664600372	2.3487073021213	4.09711008539335	0.573259505643918	0.0177223202411749	96.001425046064
396	2.38597057965884		4.16992796999144		1.00104904174805	2.38311175836404	4.17430234730573	0.570900610470201	0.0183508309505043	95.8625923258345
394	2.39744752297236		4.18311005978251		1.00751101970673	2.39458870167755	4.21452943033378	0.568174630468271	0.0190058845151309	95.7181101788966
392	2.40611320978669		4.189923539573		1.01508748531342	2.40325438849188	4.25313889750987	0.565054291995716	0.0197480089663711	95.554686292004
390	2.42202799976216		4.20892137641115		1.02326428890228	2.41916917846735	4.30683888692989	0.561704127314557	0.0204982246772034	95.3897642206697
388	2.44616231607197		4.24083772393987		1.03213286399841	2.44330349477717	4.37710793295978	0.55820042187651	0.0212584409528183	95.2229340574888
386	2.47574950019854		4.28315778236451		1.0414787530899	2.47289067890373	4.4608177731834	0.554358147909501	0.0219526153247337	95.0708517186603
384	2.51185791802301		4.33851883194799		1.05112040042877	2.5089990967282	4.56030559813077	0.550182228523593	0.0227690593041423	94.8922928991055
382	2.54054199342922		4.3831585892566		1.06085693836212	2.53768317213442	4.64990414708211	0.545749566413505	0.0236046342659213	94.7098973120446
380	2.56020713495221		4.41422621283037		1.07036590576172	2.5573483136574	4.72483718377456	0.541256389202051	0.0245347747575218	94.5072715701326
378	2.56622185498026		4.42384753440651		1.07964384555817	2.56336303368545	4.77617970897626	0.536697358532787	0.0254394921326801	94.3106000091311
376	2.5660081765957		4.4244060956022		1.08844602108002	2.56314935530089	4.81572715471668	0.532245551492771	0.0264346445414859	94.0947419270751
374	2.5677519949481		4.42971438659661		1.09648740291595	2.5648931736533	4.85712596732366	0.528068077893929	0.027386042883534	93.8888364864553
372	2.57316331003065		4.44284099136187		1.10309183597565	2.57030448873584	4.90086156967625	0.524459720437611	0.0284396125995884	93.6613444249912
370	2.58751907657485		4.47254288089162		1.10777151584625	2.58466025528004	4.9545555501803	0.521673483948723	0.0294756037692035	93.4381855120704
368	2.60250604754361		4.50493287913459		1.10863637924194	2.5996472262488	4.99433241913514	0.520519462478827	0.0305932254492391	93.1980390395546
366	2.62698639575308		4.55479311005515		1.10545682907104	2.62412757445828	5.03512709196225	0.521164118905213	0.0317523422470755	92.9496283768717
364	2.65107253009694		4.60502195100028		1.09869837760925	2.64821370880214	5.0595300902108	0.523411000939773	0.0329583872421812	92.691863360922
362	2.68306889390138		4.66910633876505		1.08933818340302	2.68021007260658	5.08623576145647	0.526953566116071	0.0341384873700055	92.4403354160399
360	2.72084188854211		4.74395835181231		1.07917475700378	2.71798306724731	5.11956004634372	0.530901687380039	0.0353746222204538	92.1775960599652
358	2.7613065661148		4.82422305526763		1.06827116012573	2.75844774482	5.15357830530447	0.535249021438324	0.0366819533034399	91.9005364924494
356	2.80003358418922		4.9017922460384		1.05680763721466	2.79717476289442	5.18025142758787	0.539968918882552	0.0379740449863145	91.6275248418432
354	2.83434098151307		4.9733834420414		1.04510068893433	2.83148216021827	5.19768640814583	0.544758174671862	0.0394166712697344	91.3236642561272
352	2.86305824702333		5.03586291770321		1.03346526622772	2.86019942572852	5.20438935805951	0.549574451284899	0.040846037969719	91.0235903786178
350	2.88422038561064		5.08532161053943		1.02230274677277	2.88136156431584	5.19873819837748	0.554242482380649	0.0422437098791777	90.7311238038004
348	2.9021742120363		5.13027903874521		1.01192998886108	2.89931539074149	5.19148315876246	0.558475353203809	0.0437042973592834	90.4264960533696
346	2.911065004644		5.16008322807924		1.00238728523254	2.90820618334919	5.1724017672873	0.562254502684238	0.0451928117511542	90.1170959996647
344	2.91644802057301		5.18415600793097		0.99351966381073	2.91358919927821	5.15056088331457	0.565683867307905	0.0466719331745903	89.8106969926271
342	2.9185419886636		5.20542629593191		0.985283493995667	2.9156831673688	5.12882055818669	0.568489993808566	0.0483418980605082	89.4660167578872
340	2.91394406062208		5.21534734081415		0.977408707141876	2.91108523932727	5.09752585167782	0.571078072780957	0.0499893417208073	89.127281112152
338	2.90274141255486		5.21406456575417		0.970744788646698	2.89988259126006	5.06152595521103	0.57292654763027	0.0515844919488807	88.8005198188552
336	2.87993058256789		5.19552076537254		0.965340495109558	2.87707176127308	5.01544653861095	0.573642194991854	0.0533229337749619	88.4457697992384
334	2.8499581038465		5.16596273326408		0.960905849933624	2.8470992825517	4.96400376177366	0.573548977637039	0.0550344677075132	88.097895148911
332	2.80887262386744		5.11925033273459		0.956919252872467	2.80601380257264	4.89870915471257	0.5728067770411	0.0567874580014995	87.7430126911986
330	2.74938562215202		5.04484662860481		0.952399551868439	2.74652680085721	4.80470961960451	0.571632214702559	0.058752863157842	87.3468277266056
328	2.68952045312039		4.97110133593073		0.947583913803101	2.68666163182559	4.71053561133571	0.570351623148809	0.0607011880445637	86.9558514509937
326	2.62915441495015		4.89702376786735		0.942499101161957	2.62629559365534	4.6154404513665	0.569023828024424	0.0626570194256354	86.5651290041194
324	2.56194248813538		4.81244582386937		0.93723601102829	2.55908366684057	4.51039747930511	0.567374312038422	0.0647607125033023	86.1468273083358
322	2.49895937803548		4.73224436911172		0.932073950767517	2.49610055674068	4.41080165743141	0.565906325108769	0.0668183369188718	85.7396414609525
320	2.43416262699232		4.64613103449487		0.926964044570923	2.43130380569751	4.30679636791939	0.564527225807073	0.0689482468680214	85.3201780594903
318	2.37433556017408		4.5692051933309		0.922304213047028	2.37147673887928	4.21419715290137	0.562735119605539	0.0712928079976139	84.8608137502805
316	2.31885178109891		4.49832214511153		0.918256640434265	2.3159929598041	4.13061413358417	0.560689738839028	0.0737295176044831	84.3860157610093
314	2.27290898017572		4.443271715644		0.914912283420563	2.27005015888091	4.06520382441194	0.558409924060644	0.0761443482200843	83.9181018159158
312	2.22204570401177		4.37921446166819		0.912353217601776	2.21918688271696	3.99539035799621	0.55543681189388	0.0787174154795548	83.4223816563993
310	2.16210000926432		4.29766990795757		0.910388767719269	2.15924118796952	3.91255036499518	0.551875627541519	0.0813609270752836	82.9161393831654
308	2.09870389135358		4.21100364528303		0.909599006175995	2.09584507005877	3.83032468421885	0.547171648057348	0.0841281581167411	82.3894951881247
306	2.027371780636		4.11200547185049		0.910057485103607	2.0245129593412	3.74216131188698	0.541000985957053	0.0871423008493529	81.8196654044966
304	1.95358599154281		4.0060136705162		0.911799371242523	1.95072717024801	3.65268069931896	0.534053570740995	0.0899765085940677	81.2874484137065
302	1.87449305240573		3.8897965323087		0.914810836315155	1.87163423111092	3.55842797201639	0.525972211838914	0.0929250253953064	80.7374399626626
300	1.79211454036511		3.76657562459794		0.918769717216492	1.7892557190703	3.46061557448313	0.517033943979039	0.0959856425152255	80.1704566765752
298	1.70578800913453		3.63265539238567		0.925088822841644	1.70292918783972	3.36052885340488	0.506744403076415	0.0990664311984223	79.603757642044
296	1.61479513433536		3.48948261952026		0.934033513069153	1.61193631304055	3.25929366212012	0.494566148418799	0.102360028837985	79.0023429377646
294	1.5221982361051		3.34084501431991		0.945518314838409	1.51933941481029	3.15883009970438	0.480981682095684	0.105749541694899	78.3881578166543
292	1.42601951334488		3.1824192922967		0.958811581134796	1.42316069205007	3.05134042442913	0.466405085665369	0.109233089618535	77.7619084107832
290	1.32549880085591		3.0125683180405		0.972512900829315	1.32263997956111	2.92976150417136	0.451449709363014	0.112799076206954	77.1260205544382
288	1.22494901366003		2.83841836430928		0.985911250114441	1.22209019236523	2.79842854746581	0.436705876757841	0.11636920026074	76.4946038307229
286	1.12856105506081		2.66942688386475		0.998497068881989	1.125702233766	2.66541486805171	0.422336592797966	0.120001980604657	75.857411553588
284	1.03538343254901		2.50522856583595		1.00980842113495	1.0325246112542	2.52980085098828	0.408144621680731	0.123982787562432	75.1652683755474
282	0.947755289181707		2.34770867877006		1.01925599575043	0.944896467886902	2.39291609496768	0.394872377629131	0.127774031626529	74.5119567273976
280	0.870583040548015		2.20737772718236		1.02668535709381	0.867724219253209	2.26628233754905	0.382884429215312	0.131429087004028	73.8874899007846
278	0.79522734504834		2.06902672350341		1.02920281887054	0.792368523753534	2.12944808349531	0.372100418833846	0.135322271385059	73.2280937068553
276	0.730384718354313		1.94899738641792		1.02617704868317	0.727525897059508	2.00001633338745	0.363759977813425	0.138803357606004	72.6434802377249
274	0.674918053129983		1.84772097080698		1.01811420917511	0.672059231835178	1.8811909228838	0.357252006513477	0.142609063652531	72.0096891792386
272	0.627117027523461		1.7630241710152		1.00556790828705	0.624258206228656	1.77284047646351	0.352123168731987	0.146641433533998	71.3441825861036
270	0.588567997322678		1.69744499972776		0.990819931030273	0.585709176027872	1.68186228686868	0.348250377335207	0.15066012759914	70.6870524218374
268	0.558690580042973		1.64950450919667		0.971708416938782	0.555831758748168	1.60283736565334	0.346779885881687	0.154521628300581	70.0613290752339
266	0.533367665105096		1.61095411994641		0.948243975639343	0.530508843810291	1.52757749075944	0.347287680670489	0.158461843178999	69.4285598500103
264	0.511291532380808		1.57729286967401		0.92191618680954	0.508432711086003	1.45413178072752	0.349646928720331	0.162212662703209	68.8315163789461
262	0.489622271806587		1.54276967360428		0.894447326660156	0.486763450511781	1.37992616444876	0.352746011382594	0.165894718005451	68.2504127251881
260	0.46662792131253		1.50169813120654		0.868269026279449	0.463769100017725	1.30387792972868	0.35568444671368	0.169476755605129	67.6898021019549
258	0.441764274357844		1.45316803415111		0.843208372592926	0.438905453063039	1.225323410043	0.35819559919094	0.173016278068414	67.1403687144594
256	0.412885853452729		1.3914483757877		0.81903064250946	0.410027032157923	1.13963881533944	0.35978682600048	0.176671039252268	66.5777264979461
254	0.384408876027454		1.32759029091917		0.795488953590393	0.381550054732649	1.05608337062371	0.361287816233021	0.180180415268515	66.0419038740913
252	0.355684051414857		1.26005640650478		0.772492587566376	0.352825230120052	0.973384194420589	0.362472733934284	0.183710684994234	65.5072419922562
250	0.326744740210506		1.18989063285936		0.750053346157074	0.3238859189157	0.892481412365217	0.362904946174007	0.187360063835698	64.9590905744325
248	0.297058634270369		1.11481914715673		0.728767693042755	0.294199812975564	0.812444140750345	0.362116972994415	0.191291808038376	64.3736585293049
246	0.268188532660468		1.0386820555827		0.708648979663849	0.265329711365663	0.736060942630127	0.360472477207627	0.19535855968614	63.7736744273226
244	0.239657688861711		0.960607577134909		0.689503788948059	0.236798867566906	0.662342528852476	0.357517232023686	0.199799909958091	63.1248108867164
242	0.211788408781014		0.879595395655232		0.670726358890533	0.208929587486209	0.589967782711086	0.354137282761631	0.204480834839953	62.4480907647606
240	0.184748719252829		0.796829047108997		0.651743054389954	0.181889897958023	0.519327763646993	0.350241043692131	0.209560607649254	61.7219150310349
