Wavelength	I1	I1 dark	R1	R1dark	XCorrect	I1c	R1c	I1c/R1c	Abs	Percent T
nm	uA	uA	uA	uA		uA	uA	uA/uA	OD	T*100
	Abs Detector Raw	Dark Offset for Abs Detector	Ref Detector Raw	Dark Offset for Ref Detector	Linear interp	Dark subtracted Abs Detector	Corrected Ref Detector	Corrected Intensity 	-Log(T)	% Transmittance
450	3.19577676131885	0.00285737206366338	5.25452533544926	7.01656338749054E-8	1.0119651556015	3.19291938925518	5.31739647769477	0.600466676248185	0.00752406633301278	98.2824408492957
448	2.89674783510485		4.78762149779669		1.00756251811981	2.89389046304119	4.82382790142832	0.599915776884229	0.00773945195707655	98.2337103740468
446	2.63140378343074		4.3719119730906		1.00348556041718	2.62854641136708	4.38715046600118	0.599146628714324	0.00801576751680979	98.171230027793
444	2.4604766633455		4.1056549380217		1.00001692771912	2.45761929128184	4.10572436722845	0.598583604612709	0.00833000332507144	98.1002234657637
442	2.41675255056449		4.04154563977526		0.997353196144104	2.41389517850082	4.0308483912122	0.598855363492073	0.00856456173223672	98.0472547534506
440	2.41925467457793		4.04859508636167		0.99558562040329	2.41639730251426	4.0307229809612	0.599494759110939	0.00879755782397573	97.9946671631964
438	2.44755412596224		4.09436820141315		0.994712889194489	2.44469675389858	4.07272075325905	0.600261324556145	0.00912472281933858	97.9208731058652
436	2.48439249332807		4.14998386688102		0.994661867618561	2.4815351212644	4.12783063382769	0.601171739200768	0.00939225278948526	97.8605713929396
434	2.54625680948712		4.24434828056646		0.995339572429657	2.54339943742345	4.22456773298294	0.602049629259365	0.00969138829803435	97.7931897113246
432	2.63379674728837		4.37931467813914		0.996668756008148	2.6309393752247	4.36472604249727	0.60277308348989	0.00998719932069732	97.7266025108626
430	2.74445887249723		4.55101414685411		0.99854189157486	2.74160150043356	4.54437820472032	0.603295187356064	0.0102833595630216	97.6599821202981
428	2.83845989100182		4.69672863194894		1.00089848041534	2.83560251893816	4.70094848041226	0.603197956913045	0.0106248761674793	97.583215325902
426	2.89765035300489		4.79019173216142		1.00344467163086	2.89479298094123	4.80669229932024	0.602242207463667	0.0110722749475251	97.4827394206114
424	2.91371589005007		4.82062367051638		1.00566327571869	2.91085851798641	4.84792412093556	0.600434009562153	0.0114920445643637	97.3885624867858
422	3.04325060632935		5.05290464452313		1.00706160068512	3.04039323426569	5.08858616876162	0.597492728516694	0.0119598123698034	97.283724153244
420	2.94659868614264		4.91587020822173		1.00703954696655	2.94374131407898	4.95047563677442	0.594638077240802	0.0124066270851091	97.1836873152829
418	2.80197920267103		4.7039880703965		1.00569581985474	2.79912183060737	4.73078106847902	0.59168280884055	0.0128328032188364	97.088367077704
416	2.64231461183766		4.46961019210126		1.00317752361298	2.639457239774	4.48381241363887	0.588663618429998	0.0133370987208282	96.9756951157703
414	2.51697998831504		4.28882179764136		1	2.51412261625138	4.28882172747572	0.586203571984587	0.0138061886309262	96.8710063311977
412	2.42488946622208		4.16006664516105		0.996665716171265	2.42203209415841	4.14619573228794	0.58415768346322	0.0142964229313596	96.7617194328696
410	2.34398784382399		4.04676174001483		0.993634045124054	2.34113047176033	4.02100016766523	0.582225907520837	0.0148922018525026	96.6290696498186
408	2.2793363873766		3.95599834356761		0.991304457187653	2.27647901531293	3.92159872105004	0.580497694242258	0.0154671099761372	96.5012391432642
406	2.23470538820597		3.89438183014194		0.989896655082703	2.23184801614231	3.85503547781564	0.578943573667689	0.0160465715767404	96.3725672942432
404	2.2178172014245		3.8771957283226		0.989499270915985	2.21495982936083	3.83648227694494	0.577341342789846	0.0166514901504125	96.2384256540135
402	2.24019938720746		3.92420080951498		0.990296423435211	2.2373420151438	3.88612195701947	0.57572614547068	0.0172646136787382	96.1026550796815
400	2.29272586648976		4.01897912782116		0.992328882217407	2.2898684944261	3.98814899593848	0.574168241145979	0.0178278862563486	95.9780923612242
398	2.34853096717823		4.11509212060117		0.995916664600372	2.34567359511457	4.09828874939327	0.572354399250622	0.01840855980627	95.849850579842
396	2.38155292179889		4.1690576509845		1.00104904174805	2.37869554973522	4.17343109627115	0.569961620274628	0.0190657259511307	95.7049220892552
394	2.39574505715885		4.1889826590429		1.00751101970673	2.39288768509518	4.22044611965346	0.566975058383559	0.0199237682728032	95.5160230619878
392	2.40201756852701		4.19139532667649		1.01508748531342	2.39916019646335	4.25463287088618	0.563893588300049	0.0206410305071634	95.3584030691552
390	2.417359479273		4.20773600206692		1.02326428890228	2.41450210720934	4.30562591624556	0.560778422040609	0.0212145454497947	95.2325590239732
388	2.44354190592619		4.24374532809491		1.03213286399841	2.44068453386253	4.38010894714623	0.557220051673077	0.0220218651310663	95.055693540329
386	2.47248564930012		4.28608943762624		1.0414787530899	2.46962827723646	4.46387101005477	0.553248127392946	0.0228230978369435	94.8804863450621
384	2.50599302546832		4.33768119197738		1.05112040042877	2.50313565340465	4.55942511769108	0.549002470441329	0.0237013186820865	94.6888149536389
382	2.53723613895025		4.38723369503458		1.06085693836212	2.53437876688658	4.65422723115783	0.544532666974257	0.0245740950436348	94.498715429322
380	2.55469656694037		4.41502116725428		1.07036590576172	2.55183919487671	4.72568805554238	0.539993153353375	0.0255495573519956	94.2867014747219
378	2.55870074010146		4.42140170596576		1.07964384555817	2.55584336803779	4.77353906483242	0.535418969725666	0.0264751959143584	94.0859564301612
376	2.56024841424892		4.42525646669255		1.08844602108002	2.55739104218525	4.81665271705861	0.53094777481632	0.0274948798068914	93.8653103026922
374	2.56034289829802		4.42801837097839		1.09648740291595	2.55748552623436	4.85526628672249	0.526744646988408	0.0284758269323602	93.6535346511595
372	2.56911637808067		4.44736884941669		1.10309183597565	2.56625900601701	4.90585619196482	0.523101148015757	0.0295660785733301	93.418721942137
370	2.58034853298371		4.47206821455237		1.10777151584625	2.57749116092004	4.95402970727503	0.520281732896146	0.0306357882992203	93.1889056520841
368	2.5959981146269		4.5061880451452		1.10863637924194	2.59314074256324	4.99572392076493	0.519072067170234	0.0318025392689259	92.9388856087999
366	2.61835673270163		4.55296366344788		1.10545682907104	2.61549936063796	5.0331046967057	0.519659239822663	0.0330081963387903	92.6812331700625
364	2.64421431723372		4.60672978790752		1.09869837760925	2.64135694517006	5.06140646696734	0.521862245683794	0.0342453547521124	92.4175913064391
362	2.67575435291498		4.67051737066045		1.08933818340302	2.67289698085132	5.08777283167338	0.525356982177249	0.0354563267239846	92.1602561750692
360	2.71251835179152		4.74426117570433		1.07917475700378	2.70966097972786	5.11988682573222	0.529242358660991	0.0367341316145146	91.8894957656342
358	2.75201370645141		4.82378182154543		1.06827116012573	2.74915633438775	5.15310692773983	0.533494913445069	0.0381075522356338	91.5993617883599
356	2.78948405623658		4.89987094396275		1.05680763721466	2.78662668417292	5.17822096079446	0.538143641468978	0.0394445939720232	91.3177928448579
354	2.82336291026788		4.97101922167325		1.04510068893433	2.82050553820421	5.19521553994633	0.54290443130168	0.0408970408101189	91.0129013432853
352	2.85325330402865		5.03571540631057		1.03346526622772	2.85039593196499	5.20423689051604	0.547706799657681	0.0423244402998392	90.7142594839805
350	2.87420274567671		5.08534279217997		1.02230274677277	2.87134537361305	5.19875983299615	0.55231352588916	0.0437578420195983	90.4153479551328
348	2.89107027165098		5.12962195866971		1.01192998886108	2.88821289958731	5.1908182204955	0.556408022184914	0.0453149258835584	90.0917606005896
346	2.90252588195677		5.16461362194135		1.00238728523254	2.8996685098931	5.17694295743966	0.560112122874767	0.0468507813276201	89.7737193863407
344	2.90825554990262		5.18966376018761		0.99351966381073	2.90539817783896	5.15603292460138	0.563494884599399	0.0483557486033761	89.4631635483885
342	2.90835264951161		5.20764592482929		0.985283493995667	2.90549527744795	5.13100750317506	0.566262137728317	0.0500471988365744	89.1154082835421
340	2.90062327454249		5.21209593945995		0.977408707141876	2.89776590247883	5.09434788510647	0.568819791626435	0.0517101280433992	88.7748346273671
338	2.89001977849111		5.21275838737397		0.970744788646698	2.88716240642745	5.06025797090472	0.570556367487181	0.0533848819990096	88.4331547008636
336	2.86646542799929		5.19388193562648		0.965340495109558	2.86360805593563	5.01386449154453	0.571137903859363	0.0552230394038283	88.0596511368591
334	2.83731742030326		5.16629927948669		0.960905849933624	2.8344600482396	4.96432713274406	0.570965605699888	0.0569950300257698	87.7010857413038
332	2.79588216005216		5.11911308826899		0.956919252872467	2.7930247879885	4.89857780465318	0.57017054732404	0.0587908259160556	87.3391928573695
330	2.74076714562396		5.0526010328707		0.952399551868439	2.73790977356029	4.81209489265034	0.568964210938979	0.0607846097063404	86.9391500990725
328	2.6795462539415		4.97605541143177		0.947583913803101	2.67668888187784	4.71522999557779	0.567668784849984	0.0627488561167854	86.5468257217571
326	2.61663759859391		4.89716917639542		0.942499101161957	2.61378022653025	4.61557748085968	0.566295385002056	0.0647444500204109	86.1500532013507
324	2.5478368452881		4.80988692414002		0.93723601102829	2.54497947322443	4.50799916851636	0.564547458437535	0.0669299250838794	85.7176142406757
322	2.48553768375318		4.73101143129112		0.932073950767517	2.48268031168951	4.40965245049024	0.563010427593563	0.0690464464169586	85.3008882545561
320	2.42236061043791		4.6478810409983		0.926964044570923	2.41950323837425	4.30841854340727	0.561575718328611	0.0712248173238312	84.8741001165775
318	2.3613091816454		4.56861836390616		0.922304213047028	2.35845180958174	4.21365590012061	0.559716280941268	0.0736288879992831	84.4055709607237
316	2.30843505913532		4.50299789053555		0.918256640434265	2.30557768707166	4.1349076504157	0.557588677183605	0.0761381797013255	83.9192937584412
314	2.26028812085115		4.44419592625229		0.914912283420563	2.25743074878748	4.06604937866044	0.55519019533678	0.0786556883143454	83.4342394932264
312	2.20889984794451		4.37882232625309		0.912353217601776	2.20604247588084	3.99503257464766	0.552196367529094	0.0812585295373484	82.9356915761834
310	2.15199034459117		4.30264894439601		0.910388767719269	2.14913297252751	3.91708320653929	0.548656451550401	0.0839016514816282	82.4324767029206
308	2.08765444152794		4.21278340927332		0.909599006175995	2.08479706946427	3.83194353848714	0.544057355888744	0.0866070577263415	81.9205656290904
306	2.01787357754895		4.11593535627489		0.910057485103607	2.01501620548529	3.74573771532578	0.537949092708974	0.089599178063696	81.3581045369755
304	1.94294950395511		4.00815308131494		0.911799371242523	1.94009213189144	3.65463139540976	0.530858497611609	0.0925825581155557	80.801131391572
302	1.86328103422136		3.89103683341052		0.914810836315155	1.8604236621577	3.55956259551707	0.522655133105604	0.0956726054614377	80.2282639281612
300	1.77953770936067		3.76442444947633		0.918769717216492	1.77668033729701	3.45863912246216	0.513693471446138	0.0988006522754273	79.6524883466486
298	1.69583086561963		3.63548729667123		0.925088822841644	1.69297349355596	3.36314859882389	0.503389441117173	0.101951290134447	79.0767314389317
296	1.60396890635127		3.48958469145995		0.934033513069153	1.60111153428761	3.25938898297962	0.491230578077222	0.105299022816842	78.4695165952
294	1.51096087124114		3.33902278613709		0.945518314838409	1.50810349917748	3.1571071316125	0.477685246749043	0.108736250175869	77.8509201134241
292	1.41682690514593		3.18411331409983		0.958811581134796	1.41396953308227	3.05296465392879	0.463146381751476	0.112278091375287	77.2185973640599
290	1.31711783327872		3.01506913183259		0.972512900829315	1.31426046121506	2.93219355936245	0.448217498131611	0.115919646857884	76.5738270659958
288	1.21651375815988		2.83969763839271		0.985911250114441	1.21365638609622	2.7996897794377	0.433496737749272	0.119572402958638	75.9324822057045
286	1.12004910848023		2.66917938549334		0.998497068881989	1.11719173641657	2.66516772267515	0.419182525329098	0.123257522830873	75.2908980235418
284	1.0272118074189		2.50464123510914		1.00980842113495	1.02435443535524	2.5292077402812	0.405010003346483	0.127331115535663	74.5879866576642
282	0.939994417630686		2.34699121458022		1.01925599575043	0.937137045567023	2.39218479591772	0.391749436400671	0.131222406040569	73.9226613629705
280	0.863813891812042		2.20773426526687		1.02668535709381	0.860956519748379	2.26664837046573	0.379836824699667	0.134899725487601	73.2993754968305
278	0.788921388449188		2.06928301256489		1.02920281887054	0.786064016385525	2.12971183735805	0.369094073008795	0.138845358987554	72.6364550989709
276	0.724944140169672		1.95066193719252		1.02617704868317	0.722086768106009	2.00172443768444	0.360732353820541	0.142433176695263	72.0388586270233
274	0.669662265797469		1.84910479404363		1.01811420917511	0.666804893733806	1.88259979363301	0.354193650710551	0.146342968602861	71.3932300782316
272	0.621974870154685		1.76397628689681		1.00556790828705	0.619117498091022	1.77379787452647	0.349034975733241	0.150467086452949	70.718479352894
270	0.583673928331817		1.69860348523746		0.990819931030273	0.580816556268153	1.68301011856925	0.345105801717885	0.154599462801927	70.0487737695443
268	0.553793152897829		1.65040845450555		0.971708416938782	0.550935780834166	1.60371571844944	0.343537058654536	0.158601934720027	69.4061677041587
266	0.528266701176911		1.61096553758959		0.948243975639343	0.525409329113247	1.52758829944779	0.343946945196673	0.162659764475173	68.760691492748
264	0.506321344412387		1.57741630595281		0.92191618680954	0.503463972348723	1.45424556110838	0.346202859966098	0.166511729235855	68.153516787373
262	0.48448480112399		1.54206535923535		0.894447326660156	0.481627429060327	1.37929617534383	0.349183473187163	0.170303149333246	67.5611215798839
260	0.461901139511756		1.50175846242375		0.868269026279449	0.459043767448093	1.30393029695294	0.35204624704311	0.173941911556291	66.997421487667
258	0.436690087875027		1.45156723866597		0.843208372592926	0.433832715811364	1.22397358986049	0.354446141162909	0.177586271278586	66.4375683588716
256	0.408129818925834		1.39026510959777		0.81903064250946	0.405272446862171	1.13866966850454	0.355917486934056	0.181366970091987	65.8617141832209
254	0.380027866930377		1.32698618203486		0.795488953590393	0.377170494866713	1.05560279355984	0.35730342622036	0.184996550582861	65.3135740207442
252	0.351945393185981		1.26089625269283		0.772492587566376	0.349088021122317	0.974032954692997	0.358394466470948	0.188624732826746	64.7702043377816
250	0.32297624443699		1.1897682292954		0.750053346157074	0.320118872373326	0.892389588906423	0.358720985041539	0.192396167765059	64.210171847837
248	0.29378791823933		1.11551693361228		0.728767693042755	0.290930546175667	0.812952651124299	0.357868992460157	0.196416618802917	63.6184935722741
246	0.265240879474004		1.03958534252571		0.708648979663849	0.262383507410341	0.736701042531532	0.35616008701265	0.200585422001675	63.010739707789
244	0.236646409780319		0.960066518787461		0.689503788948059	0.233789037716656	0.661969453966657	0.353171942173077	0.205110695570826	62.3575874482404
242	0.209544605079042		0.881082044819214		0.670726358890533	0.206687233015379	0.590964904743477	0.349745359422141	0.209900524744178	61.6736249271127
240	0.182580100181904		0.797531652493559		0.651743054389954	0.179722728118241	0.519785669438855	0.34576314562936	0.21514894542722	60.9327886601376
