Wavelength	I1	I1 dark	R1	R1dark	XCorrect	I1c	R1c	I1c/R1c	Abs	Percent T
nm	uA	uA	uA	uA		uA	uA	uA/uA	OD	T*100
	Abs Detector Raw	Dark Offset for Abs Detector	Ref Detector Raw	Dark Offset for Ref Detector	Linear interp	Dark subtracted Abs Detector	Corrected Ref Detector	Corrected Intensity 	-Log(T)	% Transmittance
450	3.22977686697726	0.00285427212051475	5.26660813162494	7.46622082587934E-8	1.0119651556015	3.22692259485675	5.32962384185642	0.605469108253753	0.00388308362144907	99.1098722579839
448	2.92937732065156		4.79951367060074		1.00756251811981	2.92652304853104	4.8358100044741	0.605177425462005	0.00389120722759348	99.108018395983
446	2.66161251215118		4.38153391966673		1.00348556041718	2.65875824003066	4.39680594594119	0.604702202626213	0.00395159296443172	99.0942390482844
444	2.48889029929968		4.11314003239283		1.00001692771912	2.48603602717916	4.11320958380851	0.60440295504643	0.00402897552477026	99.0765840166508
442	2.44612764322055		4.04988053394768		0.997353196144104	2.44327337110003	4.03916122006992	0.604896224235818	0.00409764156193845	99.0609203163558
440	2.44834913409709		4.05537817064447		0.99558562040329	2.44549486197657	4.03747611765841	0.605698904640177	0.00419218698677028	99.0393572115909
438	2.47830647609978		4.1015052977388		0.994712889194489	2.47545220397927	4.0798201104928	0.606755233548828	0.00428605518927435	99.0179532052957
436	2.51943227997191		4.16137259242146		0.994661867618561	2.51657800785139	4.13915856037096	0.607992656272112	0.0043273483253747	99.0085389308508
434	2.58261224553977		4.25408066822289		0.995339572429657	2.57975797341925	4.23425475907599	0.609259036171507	0.00435991587871482	99.0011146021764
432	2.67315043690976		4.38931951533875		0.996668756008148	2.67029616478925	4.37469754666147	0.610395607080785	0.00440544400679113	98.9907366228006
430	2.78587735052183		4.55929700489393		0.99854189157486	2.78302307840131	4.55264898096503	0.611297530303202	0.00448633645418388	98.9723001526645
428	2.88641427557583		4.71059448313052		1.00089848041534	2.88356000345532	4.71482678528895	0.611594048895393	0.0045530758214586	98.9570919438131
426	2.95119081991335		4.80773964224755		1.00344467163086	2.94833654779284	4.82430065168237	0.61114278745556	0.00464089396848444	98.9370839762917
424	2.96510081985777		4.83061530947386		1.00566327571869	2.96224654773726	4.85797234077728	0.609770155106172	0.00476116365916402	98.9096890046448
422	3.10091904034371		5.06722607838518		1.00706160068512	3.0980647682232	5.10300873034251	0.607105519887139	0.00497207259605742	98.8616665829088
420	3.00556723896691		4.93167551903098		1.00703954696655	3.00271296684639	4.9663922052832	0.604606491539701	0.00509584668992663	98.8334949846738
418	2.85623220701154		4.71290953194939		1.00569581985474	2.85337793489102	4.73975334054758	0.602009794577491	0.00523466734778915	98.801908264596
416	2.70055467996432		4.48662895017127		1.00317752361298	2.69770040784381	4.50088524470366	0.599371070617338	0.00537299137354148	98.7704445871473
414	2.57309618437987		4.30323650298741		1	2.57024191225936	4.3032364283252	0.597281128998921	0.0055316799346401	98.7343610604441
412	2.47898642726894		4.17096363079459		0.996665716171265	2.47613215514842	4.15705637979692	0.595645555153472	0.00568487954434758	98.6995381496673
410	2.39959514015127		4.05889364589084		0.993634045124054	2.39674086803076	4.03305483790792	0.594274306786771	0.00581904268830241	98.6690523945885
408	2.33655888226513		3.96937629436051		0.991304457187653	2.33370461014462	3.9348603388416	0.593084483103064	0.00595607849664245	98.6379236077285
406	2.29163037658528		3.90523480535899		0.989896655082703	2.28877610446477	3.86577879722955	0.5920608044374	0.00610043424257408	98.6051426596792
404	2.2780028213012		3.89047893139452		0.989499270915985	2.27514854918068	3.84962599225068	0.591005088224303	0.00626693654490965	98.5673461019264
402	2.30170794164918		3.9348391021157		0.990296423435211	2.29885366952867	3.89665701568048	0.589955354109404	0.00644720590121315	98.5264407127828
400	2.35745325718164		4.02899620297645		0.992328882217407	2.35459898506113	3.99808922446833	0.588931075037288	0.00656920526803463	98.4987671508902
398	2.41996085458813		4.12970048642822		0.995916664600372	2.41710658246761	4.11283745988479	0.587698056644164	0.00668836104010072	98.4717461151492
396	2.45619331212564		4.18232140744191		1.00104904174805	2.45333904000513	4.18670876246154	0.585982732308016	0.00679830489125449	98.4468206482366
394	2.47120296701358		4.1961289301732		1.00751101970673	2.46834869489307	4.2276460620367	0.583858880017955	0.00695196167061929	98.4119955553189
392	2.48253503077038		4.20124705189754		1.01508748531342	2.47968075864987	4.2646332293024	0.581452290342794	0.00710462843967967	98.3774070408175
390	2.50158448056406		4.21917533470351		1.02326428890228	2.49873020844354	4.31733137222026	0.578767296974595	0.00726263786688288	98.341620884333
388	2.53029182582695		4.25188138600511		1.03213286399841	2.52743755370644	4.38850643525768	0.57592203429412	0.00744620294960753	98.3000631994295
386	2.56680849885812		4.29942486563285		1.0414787530899	2.56395422673761	4.47775957030392	0.572597565028169	0.00764719362254384	98.2545806396975
384	2.60635303808813		4.35244899953556		1.05112040042877	2.60349876596762	4.57494785675865	0.569077254535573	0.00785921736966342	98.2066241934142
382	2.6381066105524		4.39445792189374		1.06085693836212	2.63525233843188	4.66189109757544	0.565275396459266	0.0080737446236083	98.1581253160596
380	2.66350741774257		4.42667132020252		1.07036590576172	2.66065314562205	4.73815797724211	0.561537449447962	0.00830221378447603	98.1065008823056
378	2.67309211171468		4.43504240089824		1.07964384555817	2.67023783959417	4.7882661523107	0.557662785370771	0.00851205523883859	98.0591094487482
376	2.6778454743259		4.43613412289908		1.08844602108002	2.67499120220538	4.82849245378102	0.554001321905494	0.00873118701136102	98.009644288101
374	2.68422694890977		4.44173865412669		1.09648740291595	2.68137267678926	4.87031039942861	0.550554781293579	0.00896176803410005	97.9576216014061
372	2.69730506083668		4.45916295744248		1.10309183597565	2.69445078871617	4.91886617128055	0.547778836604272	0.00923348188644304	97.8963541449586
370	2.71552202690973		4.48617092120175		1.10777151584625	2.71266775478921	4.96965227901637	0.545846590966344	0.00949977949350854	97.8363451533797
368	2.73681594121266		4.51923785466337		1.10863637924194	2.73396166909215	5.01019140935389	0.545680083995976	0.00979807590814253	97.769169050865
366	2.76607455274939		4.56599167446353		1.10545682907104	2.76322028062888	5.0475065954814	0.547442629020546	0.0101118647942119	97.6985538359421
364	2.79999781921541		4.6211339414958		1.09869837760925	2.79714354709489	5.07723228220524	0.550918963644497	0.0104544886167724	97.6215078389615
362	2.84026743819512		4.68700070392792		1.08933818340302	2.83741316607461	5.1057287510931	0.555731278412927	0.0107979621315247	97.5443317566203
360	2.88719564601542		4.76315242074603		1.07917475700378	2.8843413738949	5.14027377565701	0.561126021643903	0.0111007006363286	97.4763591338546
358	2.93853205043268		4.8461031739953		1.06827116012573	2.93567777831217	5.17695218001347	0.567066813876679	0.0114041288696842	97.4082791770862
356	2.98327938423826		4.91780352689891		1.05680763721466	2.98042511211774	5.19717224664437	0.573470527947597	0.0116518084400065	97.3527427531506
354	3.02850457123203		4.99055196899103		1.04510068893433	3.02565029911151	5.21562922292556	0.580112229951492	0.0119341470881118	97.289473450245
352	3.06765012120582		5.05381059666795		1.03346526622772	3.0647958490853	5.22293763658913	0.586795413296718	0.0122374688977042	97.2215478432841
350	3.0989624257682		5.10503676996586		1.02230274677277	3.09610815364768	5.21889303598469	0.593249973183924	0.0125733339197474	97.1463898673596
348	3.12595883842074		5.14960394426695		1.01192998886108	3.12310456630023	5.21103858640812	0.599324782289308	0.0129367267185382	97.065137319555
346	3.14793566124959		5.18637347211482		1.00238728523254	3.14508138912908	5.19875475007481	0.604968216491425	0.0133051663788282	96.9828257035119
344	3.1608425264324		5.20896958693338		0.99351966381073	3.15798825431188	5.175213638632	0.610214084832768	0.0136576957128869	96.9041338943308
342	3.16938650914565		5.22512688179069		0.985283493995667	3.16653223702514	5.14823119709798	0.615071879213601	0.0140556752594166	96.8153733879469
340	3.17131583530982		5.23113131373285		0.977408707141876	3.1684615631893	5.11295322126951	0.619693047456161	0.0144479841356887	96.7279571709302
338	3.16976968785506		5.23284113468956		0.970744788646698	3.16691541573454	5.07975318883801	0.62343883610199	0.0148290174614034	96.6431289882107
336	3.15546723674033		5.21632011099255		0.965340495109558	3.15261296461982	5.03552496652104	0.626074338937874	0.0152822277180891	96.5423291544855
334	3.13177707895739		5.18660086306443		0.960905849933624	3.12892280683688	4.98383503884604	0.62781428005718	0.0157499189062626	96.4384188006311
332	3.09618744693814		5.14012877666158		0.956919252872467	3.09333317481763	4.91868811718556	0.62889394511714	0.0162017737347014	96.3381331516287
330	3.04473543379738		5.07191624438206		0.952399551868439	3.04188116167686	4.83049068715548	0.629725085645105	0.0166950128137727	96.2287816384746
328	2.98545057726344		4.99272664834432		0.947583913803101	2.98259630514292	4.73102738723844	0.630433109135709	0.0171732914818421	96.1228653949123
326	2.92470863251917		4.9124024006184		0.942499101161957	2.92185436039866	4.62993477675962	0.631078946309389	0.0176576365355526	96.0157245378521
324	2.86186357743174		4.83038438987842		0.93723601102829	2.85900930531123	4.52721012732686	0.631516811657108	0.0182069068175779	95.8943662199187
322	2.80130238463988		4.74987098362462		0.932073950767517	2.79844811251937	4.42723094375229	0.632098968423713	0.0187342501094012	95.7779968821738
320	2.74199261599666		4.66911944748895		0.926964044570923	2.73913834387615	4.32810577841993	0.632872319695507	0.0192635561182533	95.6613364350178
318	2.68220192775901		4.58629449990324		0.922304213047028	2.6793476556385	4.2299586706739	0.633421710290998	0.0198433498394551	95.5337114289089
316	2.63213316819345		4.51790479151766		0.918256640434265	2.62927889607294	4.1485960071018	0.63377559337472	0.0204575507680019	95.3986983804648
314	2.59028855247524		4.46166493008873		0.914912283420563	2.58743428035472	4.08203198073556	0.633859384876373	0.0210399931100243	95.2708427409559
312	2.54228583294049		4.39503401726904		0.912353217601776	2.53943156081997	4.00982335900636	0.633302600503889	0.021672009926148	95.1322985377625
310	2.48911334129097		4.32009812238618		0.910388767719269	2.48625906917046	3.93296873809384	0.63215836044897	0.0223006986577288	94.9946837677712
308	2.42804039068865		4.23326549089721		0.909599006175995	2.42518611856814	3.85057401548656	0.629824568704386	0.0229692490553236	94.8485620028566
306	2.35645215692523		4.1312834974896		0.910057485103607	2.35359788480471	3.75970540202852	0.62600593214959	0.0236841298617692	94.6925626900332
304	2.27942044173824		4.02095866394606		0.911799371242523	2.27656616961772	3.66630751350124	0.620942504477388	0.0244467122162573	94.5264368938802
302	2.20172219497839		3.91018967513086		0.914810836315155	2.19886792285788	3.57708381855555	0.61470964461375	0.025171878365911	94.368732436981
300	2.11403292612305		3.78260079054954		0.918769717216492	2.11117865400254	3.4753389900787	0.607474165838059	0.0259222152677918	94.2058309676119
298	2.02495027185661		3.65166712245293		0.925088822841644	2.0220959997361	3.37811637065034	0.598586838897683	0.0266850897467892	94.0404958234509
296	1.92836727419567		3.50853591534256		0.934033513069153	1.92551300207515	3.2770900569997	0.58756792415953	0.027514014054164	93.8611748541248
294	1.82821752687449		3.35862748332438		0.945518314838409	1.82536325475398	3.17564372760835	0.57480102030485	0.0283123287344328	93.6887988956352
292	1.72267611128059		3.19881994164523		0.958811581134796	1.71982183916007	3.06706553442739	0.56073853651163	0.0292038518843419	93.4966710559559
290	1.61145582201146		3.02875771901747		0.972512900829315	1.60860154989095	2.9455058826209	0.546120637335009	0.0300992318429562	93.3041086103213
288	1.49856299287271		2.85412350259288		0.985911250114441	1.4957087207522	2.81391239681204	0.531540613150121	0.0309822953124243	93.114583429702
286	1.3889254119306		2.68348565008461		0.998497068881989	1.38607113981008	2.67945248144637	0.517296406414299	0.0318992308788196	92.9181959372759
284	1.28330885310783		2.51869805796963		1.00980842113495	1.28045458098731	2.54340243383945	0.503441596167058	0.0328097277645253	92.7235973184247
282	1.18347748387783		2.36244350292993		1.01925599575043	1.18062321175731	2.40793462888307	0.490305342012108	0.0337355896057483	92.5261326967166
280	1.09325263072272		2.21969144295347		1.02668535709381	1.09039835860221	2.27892462509216	0.478470567475707	0.0346269018449476	92.3364339815806
278	1.00449021367831		2.07973412254917		1.02920281887054	1.0016359415578	2.14046814458631	0.467951809556776	0.0357551909875189	92.0968569534148
276	0.929710585884669		1.96154174834696		1.02617704868317	0.926856313764154	2.01288904557086	0.46046070736169	0.0363601730999048	91.9686532485416
274	0.864842793175118		1.85971533762103		1.01811420917511	0.861988521054603	1.8934025342382	0.455258987704598	0.0372384039114045	91.7828620468068
272	0.809749485289791		1.77552803001472		1.00556790828705	0.806895213169277	1.785413932169	0.451937334323937	0.0381608524833402	91.5881206391113
270	0.76492349059586		1.70859010384989		0.990819931030273	0.762069218475346	1.69290505487876	0.450154730343058	0.0390601821388741	91.398657746508
268	0.731366697923957		1.66107984280927		0.971708416938782	0.728512425803442	1.61408519191522	0.451346948384438	0.0399187763404681	91.2181423575866
266	0.703120673053099		1.62250067019324		0.948243975639343	0.700266400932584	1.53852641518355	0.455153966822885	0.0407825994107389	91.0368874095713
264	0.679035250786058		1.58997682348075		0.92191618680954	0.676180978665543	1.46582530138662	0.46129711229974	0.0416053941947129	90.8645762969458
262	0.653390612623555		1.55272551055994		0.894447326660156	0.65053634050304	1.38883111517595	0.468405649466332	0.0424414643739059	90.6898191041405
260	0.626590759215017		1.51161204758945		0.868269026279449	0.623736487094502	1.3124858558459	0.475232921037846	0.0432465016246167	90.5218661123684
258	0.597025776422996		1.46323318914019		0.843208372592926	0.594171504302482	1.23381041318306	0.481574395834125	0.0440317184641943	90.3583478578394
256	0.56192276061274		1.40209447600558		0.81903064250946	0.559068488492226	1.14835827839118	0.48684151889902	0.0448125604728847	90.1960335598694
254	0.526003715346109		1.33680525873717		0.795488953590393	0.523149443225595	1.063413757034	0.491952863845514	0.0455485785605157	90.0433038037034
252	0.490154097569436		1.27014614523399		0.772492587566376	0.487299825448921	0.981178424643261	0.496647514060548	0.0463111358101799	89.8853397240168
250	0.452992788310373		1.19915293750985		0.750053346157074	0.450138516189858	0.899428617332711	0.500471641123406	0.0471272247659777	89.7165934963773
248	0.414617980317552		1.12360920774986		0.728767693042755	0.411763708197037	0.81885003580206	0.502856066671252	0.0480406782569285	89.528090500377
246	0.376980343444019		1.04711752796111		0.708648979663849	0.374126071323504	0.742038714868473	0.504186727494156	0.0490064591567398	89.3292197915794
244	0.338909181486769		0.967100746461177		0.689503788948059	0.336054909366254	0.666819577499602	0.503966771081274	0.0501087684001105	89.1027753625401
242	0.302472206636433		0.887524646925632		0.670726358890533	0.299617934515918	0.595286124780124	0.503317517482178	0.0512748717901221	88.8638506583606
240	0.265970701044981		0.803963024538173		0.651743054389954	0.263116428924466	0.523977268568519	0.502152373218953	0.0526008826386979	88.5929406451966
