Wavelength	I1	I1 dark	R1	R1dark	XCorrect	I1c	R1c	I1c/R1c	Abs	Percent T
nm	uA	uA	uA	uA		uA	uA	uA/uA	OD	T*100
	Abs Detector Raw	Dark Offset for Abs Detector	Ref Detector Raw	Dark Offset for Ref Detector	Linear interp	Dark subtracted Abs Detector	Corrected Ref Detector	Corrected Intensity 	-Log(T)	% Transmittance
450	3.02247012952437	0.00283941269216837	4.94032448546777	7.61575695809433E-8	1.0119651556015	3.0196307168322	4.99943615958949	0.603994254640136	0.00485223430565457	98.8889500238197
448	2.75814938676544		4.53070660787275		1.00756251811981	2.75530997407327	4.56497008195683	0.603576786836722	0.00493882280923476	98.8692357676696
446	2.51019355279528		4.14284096977415		1.00348556041718	2.50735414010311	4.15728101585003	0.603123563344309	0.00506297097682376	98.8409768771366
444	2.35114232621728		3.89476976471071		1.00001692771912	2.34830291352511	3.89483561812045	0.602927348871875	0.00521388866019467	98.8066355249778
442	2.31295216686467		3.83800268485941		0.997353196144104	2.3101127541725	3.82784416859819	0.603502298532309	0.00534287013827663	98.7772952175285
440	2.32421513882487		3.85729952885782		0.99558562040329	2.32137572613271	3.84027186869785	0.604482131865271	0.00552106862647849	98.7367735100021
438	2.3583817597821		3.90943608301148		0.994712889194489	2.35554234708993	3.88876638549861	0.605729970273827	0.0056746770912476	98.7018568280732
436	2.39811659035249		3.96722690146545		0.994661867618561	2.39527717766033	3.94604924332719	0.607006408171607	0.0058491990747803	98.662201285726
434	2.45400157710836		4.04853444508588		0.995339572429657	2.45116216441619	4.02966646773587	0.608279167529567	0.0060206342179065	98.6232626591509
432	2.52924749640404		4.15997403773954		0.996668756008148	2.52640808371187	4.1461160733162	0.609343308059191	0.00615421997850828	98.5929315402959
430	2.62481764250654		4.30385713612295		0.99854189157486	2.62197822981437	4.29758156972564	0.610105518016208	0.00632285922609388	98.5546547240127
428	2.71010660212668		4.43238701353906		1.00089848041534	2.70726718943451	4.43636935023795	0.610243867384329	0.00644607663761749	98.5266969040816
426	2.7569826305852		4.50340661774746		1.00344467163086	2.75414321789304	4.51891929834593	0.6094694408243	0.00663014634938705	98.4849465740653
424	2.75976108597775		4.51047832995879		1.00566327571869	2.75692167328558	4.53602233577565	0.607783972213213	0.00678340685134983	98.4501978263499
422	2.88314973294565		4.72841550682233		1.00706160068512	2.88031032025348	4.76180561230947	0.604877761664137	0.00693554586913979	98.41571547897
420	2.79274595726522		4.60167530550584		1.00703954696655	2.78990654457305	4.63406893825009	0.602042520676563	0.00713369071425477	98.3708240063225
418	2.65866176020985		4.40721467640006		1.00569581985474	2.65582234751768	4.43231730066663	0.59919499606182	0.00732349395003508	98.327841601333
416	2.50776489069561		4.18684801712435		1.00317752361298	2.50492547800344	4.20015174916314	0.59638928010221	0.00752475851755687	98.2822842055087
414	2.3937713722709		4.02351586771189		1	2.39093195957873	4.02351579155432	0.594239486917757	0.00775764339392159	98.2295957122522
412	2.3084668950727		3.90441995998465		0.996665716171265	2.30562748238053	3.89140143974784	0.592492837883601	0.00796164548265675	98.1834649466517
410	2.24122203694296		3.81093041608738		0.993634045124054	2.23838262425079	3.78667012935044	0.591121631351278	0.00819944790440061	98.1297182941224
408	2.1813493809322		3.72511191057092		0.991304457187653	2.17850996824003	3.69271996497642	0.589947244552008	0.008441434988932	98.0750560521815
406	2.13927195108731		3.66485017090286		0.989896655082703	2.13643253839514	3.62782285016789	0.588902111991569	0.00870734609083188	98.0150247485372
404	2.12165996059779		3.642686961356		0.989499270915985	2.11882054790562	3.60443601707907	0.587836914808839	0.00899547875957241	97.9500182482244
402	2.13872599568584		3.67591618485603		0.990296423435211	2.13588658299368	3.64024657529197	0.586742282100043	0.0093006681883507	97.8812105372346
400	2.19020953226398		3.76395230266832		0.992328882217407	2.18737011957181	3.73507850565314	0.585628954320819	0.00956871626039606	97.8208165516129
398	2.25301523025521		3.8671705900163		0.995916664600372	2.25017581756304	3.85137955960309	0.584251897986116	0.00983915826263644	97.7599209534125
396	2.29730614967458		3.93547710992565		1.00104904174805	2.29446673698242	3.93960551347498	0.582410276646849	0.0100883943266112	97.7038338770201
394	2.31037024792967		3.94804461313064		1.00751101970673	2.30753083523751	3.97769837729331	0.58011709696493	0.0103947404211304	97.6349390715215
392	2.31628049204668		3.94632586150991		1.01508748531342	2.31344107935451	4.00586591768079	0.577513358383669	0.0107285777352279	97.5599170231293
390	2.32479700893974		3.94869074431296		1.02326428890228	2.32195759624757	4.0405541486451	0.5746631553066	0.0110689550712112	97.4834846105415
388	2.34689580930716		3.9730354382261		1.03213286399841	2.34405639661499	4.10070036701876	0.571623426931615	0.0114502423716115	97.3979368895533
386	2.37737200221924		4.01261834659658		1.0414787530899	2.37453258952707	4.17905667292259	0.568198226387407	0.0118197483920393	97.3151041118373
384	2.4092402817143		4.05526628587929		1.05112040042877	2.40640086902213	4.26257304220796	0.564541849534065	0.012215275450557	97.2265162149897
382	2.44144159343458		4.10005407704147		1.06085693836212	2.43860218074242	4.34957073449706	0.560653528726758	0.0126129202891326	97.1375352818862
380	2.46444232576455		4.13098465634496		1.07036590576172	2.46160291307238	4.42166505185997	0.556714017050412	0.0130395058348824	97.0421688291181
378	2.4708880679263		4.13601550105142		1.07964384555817	2.46804865523413	4.46542359862029	0.552702022714417	0.0134672776412219	96.9466311972282
376	2.47054729807089		4.13076666318177		1.08844602108002	2.46770788537872	4.49611645565678	0.548853195800563	0.0139252835532936	96.8444454059468
374	2.47157443185585		4.12936315244519		1.09648740291595	2.46873501916368	4.52779459521565	0.545240064947358	0.0143631309736037	96.7468578828584
372	2.47996881007751		4.1411005791561		1.10309183597565	2.47712939738534	4.56801415681233	0.542277084166032	0.0148402529948379	96.640628788216
370	2.49348738912506		4.16258928512493		1.10777151584625	2.49064797643289	4.61119775786302	0.54013037549427	0.0153169094181254	96.5346198269394
368	2.50938467096258		4.18885901972048		1.10863637924194	2.50654525827041	4.64392141234682	0.539747561534147	0.0158171656760015	96.4234872959664
366	2.52860001268267		4.22151363710302		1.10545682907104	2.5257605999905	4.66670099496317	0.541230432958226	0.0163407505376743	96.3073093113683
364	2.55722182897455		4.2701774373643		1.09869837760925	2.55438241628239	4.69163693886159	0.544454408891707	0.0168416404425298	96.1962981116687
362	2.5872995746226		4.32156908103915		1.08933818340302	2.58446016193043	4.70765012922848	0.548991554381716	0.0173651855514569	96.0804026556463
360	2.62354041269393		4.38318172890494		1.07917475700378	2.62070100000176	4.73021899500709	0.55403375673896	0.0178937688370539	95.9635335651037
358	2.66378361565813		4.45165306489436		1.06827116012573	2.66094420296596	4.75557250275504	0.559542347724569	0.0184492699130153	95.8408661811668
356	2.70215405821314		4.51715758286179		1.05680763721466	2.69931464552097	4.77376655158655	0.565447559354125	0.0190061948070548	95.7180417908622
354	2.74138298058243		4.58442229613468		1.04510068893433	2.73854356789026	4.79118282046391	0.571579852096961	0.0196165667393326	95.5836109552425
352	2.76932665071817		4.63317432556227		1.03346526622772	2.766487238026	4.78822465914045	0.577768888254843	0.0202283739156429	95.4490534826585
350	2.79016343774429		4.67066301193591		1.02230274677277	2.78732402505212	4.77483154849595	0.583753373651498	0.0208269487732631	95.317589576381
348	2.81422871759604		4.71404184639799		1.01192998886108	2.81138930490387	4.77028023605008	0.589355166947547	0.021490780273366	95.1720052158679
346	2.82722567066911		4.73943888080172		1.00238728523254	2.82438625797694	4.75075319691302	0.59451336259947	0.0221330417250385	95.0313630085464
344	2.83301269050276		4.75323445691847		0.99351966381073	2.83017327781059	4.72243182398717	0.599304210901463	0.0227720257839892	94.8916447326543
342	2.83456981614758		4.76146322804444		0.985283493995667	2.83173040345541	4.69139105082272	0.603601442041122	0.0234951612477091	94.7337739340452
340	2.8332816439522		4.76567273323596		0.977408707141876	2.83044223126003	4.65800995041638	0.607650533465911	0.0242059503475947	94.5788544861566
338	2.81838200371226		4.74849349176814		0.970744788646698	2.81554259102009	4.60957523712712	0.610803045005694	0.0249290698926105	94.4215075362028
336	2.7989369793759		4.72648141177797		0.965340495109558	2.79609756668373	4.56266383265389	0.612821296776837	0.0257397773439126	94.2454131574136
334	2.76808712598354		4.68719097573705		0.960905849933624	2.76524771329137	4.50394915516157	0.613960686062001	0.0265422642930667	94.0714277967076
332	2.72707018441567		4.63373840596366		0.956919252872467	2.7242307717235	4.43411342056456	0.614380037977613	0.0273562021634516	93.8952878848988
330	2.67169027903799		4.55975463998324		0.952399551868439	2.66885086634583	4.34270820321764	0.614559104930973	0.0282323952559256	93.7060442467145
328	2.61450405856337		4.48341822915546		0.947583913803101	2.61166464587121	4.24841492063361	0.614738601257361	0.0290599290700051	93.5276604755995
326	2.55504988887907		4.40386822784572		0.942499101161957	2.5522104761869	4.15064177460185	0.614895386010931	0.0298774047687881	93.3517782562471
324	2.49606168436217		4.32624472066891		0.93723601102829	2.49322227167	4.05471227335431	0.614894992193232	0.0307854239976769	93.156803045257
322	2.44092963542882		4.25292297617022		0.932073950767517	2.43809022273665	3.96403864972444	0.615052081519471	0.0316941225828514	92.9620896424798
320	2.38731288759618		4.1801935493775		0.926964044570923	2.38447347490402	3.87488904902492	0.615365612985499	0.0326395994486068	92.7599275052222
318	2.33151815800142		4.10275564604109		0.922304213047028	2.32867874530925	3.78398874720573	0.615403189829477	0.0336896789771971	92.5359144407304
316	2.28609613669854		4.04141526542682		0.918256640434265	2.28325672400638	3.71105633429839	0.61525789918736	0.0347445259951919	92.3114290036793
314	2.24658257728612		3.98949325717075		0.914912283420563	2.24374316459395	3.65003631593153	0.614718038502946	0.0358286550922059	92.0812794105005
312	2.20146317967995		3.92809143938225		0.912353217601776	2.19862376698778	3.58380679427178	0.613488363965931	0.0369399094454374	91.8459669092465
310	2.14765047156164		3.85213004157379		0.910388767719269	2.14481105886947	3.50693585230975	0.611591186493147	0.0380868172108115	91.6037352272611
308	2.08979147114179		3.77037266397079		0.909599006175995	2.08695205844962	3.42952715878812	0.60852472128755	0.0392674463392874	91.3550487418955
306	2.02287432297168		3.67472017411863		0.910057485103607	2.02003491027951	3.34420653081012	0.604040118835055	0.0405219337041392	91.0915446029913
304	1.9542785110713		3.57656582066969		0.911799371242523	1.95143909837913	3.26111039705369	0.598397128825258	0.0417838561418645	90.827245548798
302	1.88117847881131		3.47103045976326		0.914810836315155	1.87833906611914	3.17533620810163	0.591540215907435	0.0430626713946752	90.5601907481179
300	1.80252911226359		3.35513245241386		0.918769717216492	1.79968969957143	3.08259402455689	0.583823132476915	0.0443841932779075	90.2850424803639
298	1.72184270063939		3.23507999521128		0.925088822841644	1.71900328794722	2.99273627411604	0.574391837601848	0.0457340462998319	90.0048585476349
296	1.63318114825929		3.10098269594242		0.934033513069153	1.63034173556712	2.89642169032403	0.562881344596176	0.0471985633971153	89.7018575658001
294	1.5428966393427		2.96294491491847		0.945518314838409	1.54005722665053	2.80151861090437	0.549722290137984	0.0486807791283977	89.3962334313662
292	1.44822617422619		2.81626836114258		0.958811581134796	1.44538676153403	2.70027064722626	0.535274774407795	0.0502232137501899	89.0792980786872
290	1.35003695586854		2.66195744541803		0.972512900829315	1.34719754317637	2.58878788306346	0.520397036771569	0.0517676659707147	88.763073986037
288	1.24955480701874		2.50080448056717		0.985911250114441	1.24671539432658	2.46557119664317	0.505649723692406	0.0532908323761744	88.4523076162749
286	1.15136113960512		2.34244444213745		0.998497068881989	1.14852172691295	2.33892383345004	0.491047083486604	0.0548702082604637	88.1312219561706
284	1.05623218938302		2.18822272400369		1.00980842113495	1.05339277669085	2.20968565711323	0.476716121725215	0.0566442572750635	87.77194912817
282	0.969133047478447		2.04567536943005		1.01925599575043	0.966293634786279	2.08506680802649	0.463435335053303	0.0582419763736388	87.449639526511
280	0.889122302355446		1.91358645556983		1.02668535709381	0.886282889663277	1.96465111527673	0.4511146446164	0.0596339223617793	87.1698056370593
278	0.814221219484163		1.78892484799504		1.02920281887054	0.811381806791994	1.84116641792247	0.440689010452157	0.061243954018281	86.8472449656318
276	0.750149743910102		1.68229192361643		1.02617704868317	0.747310331217933	1.72632928304909	0.432889796028955	0.0628099332548922	86.5346550381229
274	0.695463660551142		1.59196573826773		1.01811420917511	0.692624247858974	1.62080286111321	0.427334048129247	0.0643818731727538	86.2220068147617
272	0.648349138848127		1.51565736658371		1.00556790828705	0.645509726155958	1.52409633121383	0.423536040954747	0.0661122931373549	85.8791439812635
270	0.611968874914719		1.45821737739265		0.990819931030273	0.609129462222551	1.4448307658369	0.421592256079709	0.0677539745374449	85.5551240756417
268	0.583461364449202		1.41469782515769		0.971708416938782	0.580621951757034	1.37467371012777	0.422370739673976	0.0693742113146743	85.2365354007931
266	0.559201707970618		1.37879599628097		0.948243975639343	0.55636229527845	1.30743492489312	0.425537275076182	0.0710247406998936	84.9132100668805
264	0.537222548715995		1.34581569693358		0.92191618680954	0.534383136023826	1.24072920525454	0.43070086023662	0.0725928317144279	84.6071699179501
262	0.51424180621342		1.30920004441062		0.894447326660156	0.511402393521252	1.1710104116675	0.436718912509942	0.074149192080704	84.304509887189
260	0.489707414221611		1.26751016135781		0.868269026279449	0.486868001529443	1.10053974747619	0.44239020230387	0.0756812224431775	84.0076386796112
258	0.463176677022935		1.21999888550598		0.843208372592926	0.460337264330767	1.02871321059598	0.447488434666909	0.0771667775963552	83.7207716208691
256	0.432230036826768		1.1611515704742		0.81903064250946	0.429390624134599	0.951018654440969	0.451505995312999	0.0787398471654859	83.418072929449
254	0.402000572937956		1.10206945848697		0.795488953590393	0.399161160245787	0.876684019733228	0.455307900293712	0.0802352437727572	83.1313352615094
252	0.371423704163651		1.04043389354771		0.772492587566376	0.368584291471482	0.803727411787271	0.458593655094892	0.0817386588115527	82.844053639302
250	0.340843560649775		0.977219841472826		0.750053346157074	0.338004147957607	0.732966954905539	0.4611451385297	0.0833237802802382	82.5422341650518
248	0.309639041528043		0.910624591901688		0.728767693042755	0.306799628835875	0.663633727567017	0.462302646914359	0.0850271390893354	82.2191269557851
246	0.27903823395175		0.843137232959115		0.708648979663849	0.276198821259582	0.597488285884094	0.46226650427279	0.0867936247337508	81.8853812252999
244	0.248881445335271		0.774350383461838		0.689503788948059	0.246042032643103	0.533917470859387	0.460824089998548	0.088772130233665	81.5131862989649
242	0.221066774629356		0.708580454932324		0.670726358890533	0.218227361937188	0.475263537436866	0.459171269721437	0.0907787343881683	81.1374333914496
240	0.193923927346049		0.641424119751449		0.651743054389954	0.191084514653881	0.41804366533103	0.457092238205714	0.0930382808491779	80.7163879723422
