Wavelength	I1	I1 dark	R1	R1dark	XCorrect	I1c	R1c	I1c/R1c	Abs	Percent T
nm	uA	uA	uA	uA		uA	uA	uA/uA	OD	T*100
	Abs Detector Raw	Dark Offset for Abs Detector	Ref Detector Raw	Dark Offset for Ref Detector	Linear interp	Dark subtracted Abs Detector	Corrected Ref Detector	Corrected Intensity 	-Log(T)	% Transmittance
450	3.20674539897033	0.00286244319153465	5.2522436232188	7.86724087432578E-8	1.0119651556015	3.2038829557788	5.31508745581387	0.602790261197726	0.00687278700494606	98.4299383279212
448	2.90799918434375		4.78677837280006		1.00756251811981	2.90513674115222	4.82297839171251	0.602353256681433	0.00705988467552917	98.3875430255905
446	2.64533424724227		4.37469281455084		1.00348556041718	2.64247180405073	4.38994099171591	0.601937886873021	0.00715981383518713	98.3649071094838
444	2.48061279770515		4.11760119773959		1.00001692771912	2.47775035451361	4.11767082066235	0.601735899353667	0.00729263171279499	98.3348293138834
442	2.44364283203256		4.06360311039025		0.997353196144104	2.44078038884103	4.05284747154466	0.602238402993926	0.0074437674008467	98.3006144734576
440	2.44907533201085		4.07403919596053		0.99558562040329	2.44621288881932	4.05605476213256	0.60310154380982	0.00758895969575638	98.2677563394168
438	2.47765209459198		4.11780514142367		0.994712889194489	2.47478965140044	4.096033771109	0.604191710736408	0.00774850090540779	98.2316636003805
436	2.51677709118043		4.17581779906946		0.994661867618561	2.5139146479889	4.15352665260481	0.605248228372951	0.00795789813598225	98.1843121346395
434	2.57796225369637		4.26765293216605		0.995339572429657	2.57509981050483	4.24776376647457	0.6062248166503	0.0082144743385466	98.1263230996123
432	2.66225539300799		4.39589063022135		0.996668756008148	2.65939294981645	4.38124676756025	0.606994559061864	0.00849609599389132	98.0627129439953
430	2.77188793326002		4.56387925096937		0.99854189157486	2.76902549006849	4.55722454162451	0.607612257148386	0.00872233869648938	98.011641156732
428	2.86647862949664		4.70910935781093		1.00089848041534	2.8636161863051	4.71334032159954	0.607555574373057	0.00897055554710394	97.9556395472912
426	2.92360047497151		4.79772447952716		1.00344467163086	2.92073803177998	4.81425098599105	0.606685866665242	0.0092762419562045	97.8867158717659
424	2.93201135221655		4.81493016793497		1.00566327571869	2.92914890902502	4.84219836592426	0.604921295591308	0.00956559232643906	97.8215201913834
422	3.07029088291401		5.05957631279074		1.00706160068512	3.06742843972248	5.0953049411196	0.602010767788997	0.00987857785711605	97.7510479842318
420	2.96733343378114		4.9121910545906		1.00703954696655	2.96447099058961	4.94677057500185	0.599274000207398	0.0101916664330168	97.6806033696811
418	2.82065862316931		4.69762910557816		1.00569581985474	2.81779617997777	4.72438587558738	0.596436500781689	0.0105218759179568	97.6063615732852
416	2.66328155999607		4.46723503423314		1.00317752361298	2.66041911680454	4.48142970011674	0.593654100327678	0.0108529536500164	97.5319812167161
414	2.54056655885881		4.29060645420975		1	2.53770411566728	4.29060637553734	0.591455820821938	0.0111444335755077	97.4665438743145
412	2.45439753576563		4.17068928672016		0.996665716171265	2.45153509257409	4.15678294646668	0.589767405261785	0.01140992243987	97.406979740963
410	2.3743210126481		4.0568361621751		0.993634045124054	2.37145856945656	4.031010448056	0.588303751631362	0.0117062214122409	97.3405461435337
408	2.31019816785224		3.9652365075932		0.991304457187653	2.3073357246607	3.93075654579203	0.58699532717964	0.012042281340347	97.2652525234546
406	2.26920311430511		3.90780001205447		0.989896655082703	2.26634067111357	3.86831808278731	0.585872366907471	0.0123385570829232	97.1989207859838
404	2.25526148675665		3.89323568105798		0.989499270915985	2.25239904356511	3.85235379006468	0.584681253672524	0.0126897290175047	97.1203571892788
402	2.28050280989798		3.94193311087642		0.990296423435211	2.27764036670644	3.90368218321275	0.583459477439307	0.0130609139529755	97.0373853490285
400	2.33508821007049		4.03737506036484		0.992328882217407	2.33222576687895	4.00640380267538	0.582124489129516	0.0134741629536619	96.9450942157967
398	2.39070700704877		4.1302518471031		0.995916664600372	2.38784456385723	4.11338656517528	0.580505752625631	0.0139168906195879	96.8463169859413
396	2.42475893887885		4.18251874956352		1.00104904174805	2.42189649568732	4.18690630758886	0.578445352669481	0.0143233786340582	96.7557138322762
394	2.43833039390275		4.19688682567798		1.00751101970673	2.43546795071121	4.22840964606923	0.575977295145764	0.0147585071870808	96.6588208448286
392	2.44737513833275		4.2013499295013		1.01508748531342	2.44451269514122	4.26473765499979	0.573191809881993	0.0152256355093561	96.5549102483262
390	2.46278146802379		4.21636010847778		1.02326428890228	2.45991902483226	4.3144506476548	0.570158109507962	0.0156911945764435	96.4514598698923
388	2.49162315573407		4.2536142424435		1.03213286399841	2.48876071254253	4.39029496919727	0.566877790673273	0.0162382550645182	96.3300409567084
386	2.52303049773097		4.29695663810365		1.0414787530899	2.52016805453943	4.47518895959793	0.563142266682267	0.0168079468228712	96.2037615433944
384	2.5592291222608		4.3489430376355		1.05112040042877	2.55636667906927	4.57126266446717	0.559225506541143	0.0173863242566661	96.0757261838856
382	2.59161340924078		4.39571759636787		1.06085693836212	2.58875096604924	4.66322742772715	0.555141477907929	0.0178909367273411	95.9641593620064
380	2.61018696710927		4.42081735863737		1.07036590576172	2.60732452391774	4.73189209207675	0.551010985285047	0.0184978494191334	95.8301461703268
378	2.61639764254018		4.42723137228361		1.07964384555817	2.61353519934865	4.77983301900986	0.546783786997237	0.0190907318938673	95.699411720129
376	2.62093601329028		4.43223404153446		1.08844602108002	2.61807357009874	4.82424742137291	0.542690567341108	0.019745615373477	95.5552129384569
374	2.62340332773354		4.43526740578015		1.09648740291595	2.62054088454201	4.86321475273836	0.538849509589608	0.0203805393226657	95.4156164933503
372	2.63421830490387		4.4535675928815		1.10309183597565	2.63135586171234	4.91269396589041	0.535623810475931	0.0210856996197346	95.260816667064
370	2.64987676024495		4.48121956054445		1.10777151584625	2.64701431705341	4.96416729827315	0.533224236414073	0.0217804168719178	95.1085549367751
368	2.66980281973564		4.51721997218445		1.10863637924194	2.66694037654411	5.00795430698287	0.532540876586162	0.0225200294500341	94.9467209227055
366	2.69452743877747		4.56210249316397		1.10545682907104	2.69166499558594	5.0432072690212	0.53372087483296	0.0232507304471812	94.7871072613322
364	2.72463578175612		4.6169662641036		1.09869837760925	2.72177333856459	5.07265325741003	0.536558128547162	0.0240224563989877	94.6188234817664
362	2.75945696488521		4.67990685955522		1.08933818340302	2.75659452169368	5.09800115118234	0.540720655006985	0.024749252346422	94.4606104029174
360	2.79944200541554		4.75215331759987		1.07917475700378	2.79657956222401	5.12840381686429	0.545311886912593	0.0255452870315863	94.2876285793062
358	2.84389987958686		4.83233839214926		1.06827116012573	2.84103743639532	5.16224765625794	0.550348922712236	0.026372698707	94.1081641400378
356	2.88557890285782		4.90830250968427		1.05680763721466	2.88271645966628	5.18713149485262	0.555743856219359	0.0271985330845967	93.9293824263481
354	2.92060548963192		4.97357938279583		1.04510068893433	2.91774304644039	5.19789115720889	0.561332078374477	0.0280909016701229	93.736578745459
352	2.95474480752936		5.0375344704309		1.03346526622772	2.95188236433783	5.20611682131	0.567002713472544	0.0289558033177002	93.5500872066947
350	2.97671592886084		5.08096042077821		1.02230274677277	2.9738534856693	5.19427971397826	0.572524709762242	0.0297957586586351	93.3693297711111
348	3.00137278911388		5.13009148666262		1.01192998886108	2.99851034592234	5.19129334134388	0.577603720067591	0.0307155958356989	93.1717824925746
346	3.01215386491715		5.15603441624646		1.00238728523254	3.00929142172562	5.16834326220663	0.582254557999461	0.0316276976725894	92.9763091892933
344	3.02283704521301		5.18226660526925		0.99351966381073	3.01997460202147	5.14868369728209	0.586552753981696	0.0325293634372244	92.7834755416729
342	3.02618074962673		5.19784963092313		0.985283493995667	3.02331830643519	5.1213553681054	0.590335582893488	0.0335539590610028	92.5648370489168
340	3.02163387301729		5.20068257199253		0.977408707141876	3.01877142982576	5.08319235205141	0.593873145211095	0.0345618959657978	92.3502560782597
338	3.01252089616569		5.19717809446748		0.970744788646698	3.00965845297415	5.04513347450225	0.596546844238067	0.0355881834465361	92.1322795249228
336	2.99367121036861		5.17989183965374		0.965340495109558	2.99080876717707	5.00035927715963	0.598118775352468	0.0367078225704916	91.8950624907872
334	2.96404043249222		5.14593490131286		0.960905849933624	2.96117798930068	4.94475887445236	0.598851847882803	0.0378051598940995	91.663163176715
332	2.92407670381076		5.09650856361973		0.956919252872467	2.92121426061922	4.87694709167398	0.598984201736856	0.0388894110225479	91.4346041390279
330	2.86875086093287		5.02515013454289		0.952399551868439	2.86588841774134	4.7859506612827	0.598812779439151	0.0400766719870607	91.1849843731791
328	2.81007674170117		4.94868025366355		0.947583913803101	2.80721429850964	4.68928972837792	0.598643816252465	0.0411853821329951	90.9524951633712
326	2.74626793173479		4.86430905933922		0.942499101161957	2.74340548854325	4.58460684205251	0.598394929610812	0.0423032951820683	90.7186763266464
324	2.68309506414867		4.7832102803664		0.93723601102829	2.68023262095714	4.4829968493455	0.597866273617489	0.04355532405288	90.4575198065795
322	2.62279533294431		4.70438155184024		0.932073950767517	2.61993288975277	4.38483142561305	0.597499113523269	0.0447866643155106	90.2014119388632
320	2.56264887647891		4.62318340112302		0.926964044570923	2.55978643328738	4.28552471137166	0.597309922515432	0.0460093836482195	89.947814661192
318	2.50283482235594		4.54176444474263		0.922304213047028	2.4999723791644	4.18888840949343	0.596810450595586	0.0473588685799029	89.6687532559064
316	2.45160729000855		4.47361755211129		0.918256640434265	2.44874484681701	4.10792895174801	0.596102044504695	0.0487280618237242	89.3865011760487
314	2.40570039891594		4.41378442897797		0.914912283420563	2.40283795572441	4.03822551846401	0.595023221149461	0.0501771747308752	89.0887417651278
312	2.35638012242031		4.34794106010044		0.912353217601776	2.35351767922877	3.96685794434849	0.593295175236054	0.051685599803256	88.7798486260359
310	2.30059316951822		4.27047496014957		0.910388767719269	2.29773072632669	3.88779236492408	0.591011687521424	0.0531962874527505	88.471565579102
308	2.23750990967914		4.18093288856725		0.909599006175995	2.23464746648761	3.80297232876896	0.587605502565141	0.0547409704377827	88.157452043326
306	2.16557863718011		4.07760937498272		0.910057485103607	2.16271619398857	3.71085886143525	0.582807450982412	0.0563677427380704	87.8278511691332
304	2.09172223773564		3.9711078601088		0.911799371242523	2.08885979454411	3.62085357824999	0.576897062916772	0.0579961499876646	87.499153197637
302	2.01254770680201		3.85536401942545		0.914810836315155	2.00968526361047	3.52692871093959	0.569811705401634	0.059679116722495	87.1607348824755
300	1.9280447514105		3.729685564524		0.918769717216492	1.92518230821896	3.42672207914232	0.56181454572494	0.0614237397625552	86.811300080737
298	1.84142896887899		3.59841632025685		0.925088822841644	1.83856652568746	3.32885464502161	0.552312047760055	0.0631579135445294	86.4653465505093
296	1.74521397821527		3.44935760665976		0.934033513069153	1.74235153502374	3.22181552969755	0.540798043514087	0.0650348476446112	86.0924669104268
294	1.64963305167662		3.30049841454623		0.945518314838409	1.64677060848509	3.12068162466239	0.527695807054088	0.066945495316682	85.7145411662061
292	1.55105526805359		3.1447823816398		0.958811581134796	1.54819282486206	3.01525369223289	0.513453587288561	0.0689113365973865	85.3274296475744
290	1.44629038891492		2.97595519155919		0.972512900829315	1.44342794572338	2.89415473957136	0.498739036302242	0.0709437040587418	84.9290558204955
288	1.3396177493672		2.80045417175265		0.985911250114441	1.33675530617567	2.76099919579684	0.484156354775711	0.072949562279347	84.5377019131709
286	1.23744086338225		2.6309976262058		0.998497068881989	1.23457842019072	2.62704333944779	0.469949772678751	0.0749491792718282	84.1493606667303
284	1.13960731071328		2.46784820140199		1.00980842113495	1.13674486752175	2.4920538164144	0.456147800675231	0.0769805931935627	83.7566708648524
282	1.04652181588666		2.31201023001948		1.01925599575043	1.04365937269513	2.35653020899635	0.442879691807399	0.0792061413024888	83.3285565166851
280	0.964338974418176		2.17248778103271		1.02668535709381	0.961476531226641	2.2304613124797	0.431066221972587	0.0811514179679664	82.9561488189331
278	0.883460710988094		2.03395141602638		1.02920281887054	0.88059826779656	2.09334844985022	0.420664924589868	0.0832421597551403	82.5577484621446
276	0.814871481932736		1.9166120268468		1.02617704868317	0.812009038741202	1.9667831924485	0.412861489694912	0.0849866019270417	82.2268016691076
274	0.756153384836633		1.81723909755638		1.01811420917511	0.753290941645098	1.85015686659321	0.407149769431267	0.0869984745207218	81.846766303493
272	0.706861381452865		1.73646953163563		1.00556790828705	0.703998938261331	1.74613795562058	0.403174867137647	0.08905734933813	81.4596708012779
270	0.666373155296289		1.6715423566021		0.990819931030273	0.663510712104754	1.65619740453248	0.400622963355056	0.0911253607501785	81.072700464901
268	0.635363164778922		1.62438996136408		0.971708416938782	0.632500721587388	1.57843332140169	0.400714248116423	0.0931170112539931	80.701756752774
266	0.608804655770462		1.58531124976892		0.948243975639343	0.605942212578927	1.50326176750602	0.403084962098259	0.0951453057197228	80.3257324362147
264	0.585711534117946		1.55129223216397		0.92191618680954	0.582849090926411	1.4301613467745	0.407540794079586	0.0970821727762969	79.9682932836077
262	0.562249012239041		1.51500972091572		0.894447326660156	0.559386569047506	1.35509632436889	0.412802070958335	0.099011018631432	79.6139151046791
260	0.536991936330849		1.47213945049783		0.868269026279449	0.534129493139314	1.2782130189225	0.417872048893362	0.100826959625148	79.2817157774243
258	0.509422400715099		1.42207863038536		0.843208372592926	0.506559957523565	1.19910854128918	0.422447126411886	0.102615995215705	78.9557939109695
256	0.477636994347967		1.36083736842304		0.81903064250946	0.474774551156432	1.11456743977529	0.425972026647532	0.104527838679911	78.6089800446321
254	0.445967112068915		1.29747070526478		0.795488953590393	0.44310466887738	1.03212355106224	0.429313591789807	0.106387159243987	78.2731552220139
252	0.413217903011949		1.22890883175944		0.772492587566376	0.410355459820414	0.949322902555173	0.432261202922538	0.108259780243622	77.9363782059429
250	0.380322467861003		1.15858023096624		0.750053346157074	0.377460024669468	0.868996920019164	0.434362902760512	0.11023248343225	77.5831692745653
248	0.346798975766766		1.08478570123182		0.728767693042755	0.343936532575232	0.790556715598568	0.435056113987749	0.11242571490338	77.1923540082862
246	0.313962768520857		1.00969308759958		0.708648979663849	0.311100325329323	0.715517920549961	0.434790403418834	0.114696412339654	76.7898090521082
244	0.280743907569609		0.930755006453412		0.689503788948059	0.277881464378074	0.641759049287079	0.432999682180982	0.117245192404165	76.3404661652175
242	0.249289248068017		0.852851079762748		0.670726358890533	0.246426804876482	0.57202964663747	0.430793764492871	0.119887508276427	75.8774088581696
240	0.218056532738715		0.771378735524494		0.651743054389954	0.21519408954718	0.502740681907998	0.428041925571803	0.122861293468114	75.3596211567624
